time,throttle,torque_x,torque_y,torque_z
0.01,17.546330001183083,-3.114686867780815,3.260549477115521,-0.0
0.02,17.01065501190955,0.10783156636772674,-0.13655981057826863,0.513374454737903
0.03,16.63621066505974,0.15310216069782345,-0.13508610192857873,0.44810171384676806
0.04,16.429793039705718,0.23517617113010328,-0.13189539589161242,0.37804903736089035
0.05,16.365511301991308,0.2916722705045513,-0.1272480920889047,0.30245211863072197
0.060000000000000005,16.415948316032434,0.3304303264359099,-0.12161140233516185,0.22807828502185898
0.07,16.554370948859198,0.35013154816935915,-0.11552062631964403,0.15895723933993094
0.08,16.75573437663022,0.3523464467031031,-0.10946421759389867,0.09787073460224868
0.09,16.998344006906613,0.3403896226756428,-0.10380605524657763,0.04619895921810428
0.09999999999999999,17.265953993156636,0.3185214214030664,-0.09876834436729504,0.004158331243368132
0.10999999999999999,17.554927392571095,0.29221283412084137,-0.09445358653756167,-0.028844273461182082
0.11999999999999998,17.927371695509866,0.27179380955127497,-0.20382692827919965,-0.1834734742067896
0.12999999999999998,18.2669801546443,0.22668685614996265,-0.3993774779324278,-0.4450743144087295
0.13999999999999999,18.48054142518085,0.18229329110382894,-0.32328089099766183,-0.38082252945621287
0.15,18.506126872741767,0.14480114428520183,-0.26157278804834677,-0.3169219036474491
0.16,18.356195902407766,0.11716179630905674,-0.21437187645055417,-0.2613121867224645
0.17,18.0516567725689,0.09673030552990486,-0.17600945226999257,-0.21181853973460654
0.18000000000000002,17.615966542885996,0.08160819072535176,-0.13713920489156073,-0.1596424876631308
0.19000000000000003,17.075107633907663,0.07090661913271351,-0.11602079565225241,-0.12863839809086017
0.20000000000000004,16.45407663471773,0.06395860164706127,-0.10057316662122906,-0.10445185556975807
0.21000000000000005,15.77763267160435,0.06124004529515084,-0.08988232011604805,-0.08611054479591462
0.22000000000000006,15.07833837418415,0.06479361651760851,-0.08454754398620216,-0.0741282517931886
0.23000000000000007,14.399089467764853,0.07616338180914227,-0.08545374351364671,-0.06894945955880463
0.24000000000000007,13.787890104874291,0.08613235783843258,-0.092105157320695,-0.06905338661759658
0.25000000000000006,13.285676319842443,0.055647755313419575,-0.10254627655094363,-0.07136758746363475
0.26000000000000006,12.915485181157054,-0.026290882611991754,-0.11932919033932923,-0.07890404816880028
0.2700000000000001,12.499472073112472,0.04362305011360942,-0.13500066053701942,-0.0861529002005046
0.2800000000000001,11.872555029221775,0.08964297458883613,-0.11266586834835013,-0.05408874124083321
0.2900000000000001,11.166076607061058,0.09196410586534495,0.04399261459423367,0.09660035273555212
0.3000000000000001,10.467410628743629,0.0875970791126227,-0.0402952082066209,0.025249912919191476
0.3100000000000001,9.8203819516139,0.08767095275536065,-0.1369310266505854,-0.044064212398352974
0.3200000000000001,9.223437990513984,0.09061674649945026,-0.1344050330460391,-0.02462503095581317
0.3300000000000001,8.704130564090285,0.09458733687045377,-0.12942099170221952,-0.002622781140289049
0.34000000000000014,8.194739552391379,0.10121778534423324,-0.13166984221031636,0.014683224944168363
0.35000000000000014,7.724871440218345,0.10796188752226099,-0.14258748786582706,0.029146698562123458
0.36000000000000015,7.296638344822537,0.11470055746592614,-0.15836688040597655,0.045326236657738536
0.37000000000000016,6.908854079938724,0.12143465132477495,-0.1787048216392586,0.06511912841875568
0.38000000000000017,6.560440778867743,0.12889605133923698,-0.20542874709768813,0.089773398716378
0.3900000000000002,6.250895700126891,0.15859929020525287,-0.2700555577403446,0.11316404896910566
0.4000000000000002,5.97975038006493,0.16212414244050444,-0.326654271769626,0.161407606268074
0.4100000000000002,5.748499266295676,0.15941381533864754,-0.4058991233457074,0.22813671163856733
0.4200000000000002,5.561678107043522,0.14724245494618143,-0.5355889783849113,0.32328362616446266
0.4300000000000002,5.427116388557207,0.11874964853452245,-0.5248897583884791,0.45680834993905267
0.4400000000000002,5.358843758815691,0.06366033286597153,0.29349426134938084,0.45241933468075085
0.45000000000000023,5.36850724701418,-0.0018267995847112105,0.27405391053297834,0.3938587001132112
0.46000000000000024,5.450195525795376,-0.07554432094754118,0.254162224455613,0.3266354049359569
0.47000000000000025,5.597788041635783,-0.1475259789992139,0.23392470631623336,0.25341302637206103
0.48000000000000026,5.806325433889007,-0.21189153848661488,0.21370913437956096,0.178707532029895
0.49000000000000027,6.070782096341179,-0.2622049654105209,0.19406539122937144,0.1072077211295101
0.5000000000000002,6.385317060934074,-0.29570139419482244,0.17558927268412472,0.04308332598669917
0.5100000000000002,6.743041503619782,-0.3141354228141741,0.15874002462119824,-0.011038213494536209
0.5200000000000002,7.13609248879351,-0.33749855999610784,0.143737280538964,-0.054371243097276215
0.5300000000000002,7.5549433201235745,-0.32825520919313894,0.13072265853742904,-0.08837627579641469
0.5400000000000003,7.989631810625384,-0.3095202535564913,0.11927587874483629,-0.11294991233687222
0.5500000000000003,8.431910603658649,-0.28277250689828765,0.10925674986789041,-0.1291776606074372
0.5600000000000003,8.875172039340374,-0.24391726470806158,0.10652759279231232,-0.1461583150433598
0.5700000000000003,9.314467446944656,-0.21695715488813072,0.38747066273547653,-0.5303015858496597
0.5800000000000003,9.692212869766589,-0.17078832489816384,0.2696239496313567,-0.3806826811406471
0.5900000000000003,9.953948187194252,-0.12687051306730018,0.18423222864660627,-0.26474350202764474
0.6000000000000003,10.122625045320133,-0.09610258584571399,0.1360211951910987,-0.19538495733900982
0.6100000000000003,10.220800573565244,-0.07408346778425327,0.10743185537918025,-0.15168820303740502
0.6200000000000003,10.264575744771824,-0.05765588703030846,0.08885257245032553,-0.12157642661085291
0.6300000000000003,10.26585677061011,-0.04500862578864107,0.07594811997543852,-0.09949085946902407
0.6400000000000003,10.233972067779924,-0.03507879129440709,0.06658926802750256,-0.08264806505523271
0.6500000000000004,10.17646769065739,-0.027283483304427727,0.059572999000998966,-0.06958111431627946
0.6600000000000004,10.099551605536712,-0.021370062659884396,0.05412861459321552,-0.059563156537346104
0.6700000000000004,10.008399739907233,-0.016537531285323433,0.04996747273477765,-0.051423116997368915
0.6800000000000004,9.90740197532041,-0.012549317142742118,0.046792130367026785,-0.04471088722424277
0.6900000000000004,9.800301656257918,-0.009252728749160883,0.04438332940421659,-0.03910129478442283
0.7000000000000004,9.68883934957252,-0.006388975937292202,0.0422732995802276,-0.034068410428222874
0.7100000000000004,9.566168565220858,-0.0030891908652466585,0.03869425781248594,-0.028007645524618645
0.7200000000000004,9.434365592824479,-0.00016467032133753016,0.03546021766339405,-0.022741156280212376
0.7300000000000004,9.298615220597192,0.002125718142628241,0.0331519337787759,-0.018701026529498146
0.7400000000000004,9.161705189907979,0.003986368158242825,0.03127659133184123,-0.015355951271001339
0.7500000000000004,9.02325052794644,0.005624334163712135,0.0292215904362994,-0.01217875627972754
0.7600000000000005,8.884080175117743,0.006797242380201567,0.027231126864085783,-0.009365433664545161
0.7700000000000005,8.74633025483366,0.007333673582796226,0.025563678575583573,-0.007066229719540554
0.7800000000000005,8.609940443369537,0.007779131596177737,0.023831112041467026,-0.0049596250142987935
0.7900000000000005,8.475451106990475,0.00892274852039182,0.02217351043308393,-0.003128765654893258
0.8000000000000005,8.344544291342142,0.01045854637742432,0.02082826535427125,-0.001718096638529244
0.8100000000000005,8.216111201618865,0.01228352336511605,0.019338651476676592,-0.0004424513545610593
0.8200000000000005,8.091860115010537,0.013969713486448147,0.0182361189923208,0.00039386915596797273
0.8300000000000005,7.972412932767937,0.015464199310170361,0.017367001050257704,0.0009221638126140855
0.8400000000000005,7.855143597121111,0.016906299874990996,0.016221258538477706,0.0014233024709738046
0.8500000000000005,7.749129329719983,0.017418503373514364,0.016708916353088216,0.001009846695677984
0.8600000000000005,7.638418615868366,0.018588096979787083,0.014830882118629768,0.0016076925250293334
0.8700000000000006,7.533049103624794,0.018579878075030413,0.014605312712930215,0.0013351123114740942
0.8800000000000006,7.451743903907376,0.016543370145250546,0.017111146388701433,-1.3676842264305836e-05
0.8900000000000006,7.349738557061421,0.007492699152158942,0.013421940638555065,0.0015276533667734852
0.9000000000000006,7.252493444204948,0.01882927130484376,0.012144423451902827,0.002362442354344698
0.9100000000000006,7.184185932463437,0.019176618207246972,0.013715339512207873,0.0014944751840608008
0.9200000000000006,7.0952435546295956,0.020222603642301752,0.008284682918062421,0.0024441747107156295
0.9300000000000006,7.010600951470839,0.013467399878035075,0.005375123790863731,0.002343822825697388
0.9400000000000006,6.954672353970629,0.02121205637482319,0.0038357817616849607,0.0023451198078376645
0.9500000000000006,6.879958042433306,0.02185722699789116,-0.0034035634961628422,0.003483191653297134
0.9600000000000006,6.809828359920491,0.018762671421887124,-0.007285923622046873,0.003067023462574574
0.9700000000000006,6.76804113754131,0.02054769054590497,-0.012926796050916118,0.003470371717356586
0.9800000000000006,6.70916402273343,0.014259736574422215,-0.013326117559534723,0.0023600172221758435
0.9900000000000007,6.654564253751654,0.020928022763815488,-0.01886321476692195,0.0027568562183601843
1.0000000000000007,6.6272626670793855,0.01930401382303653,-0.030790595347806458,0.00429615990616578
1.0100000000000007,6.584107311197205,0.018223523593106496,-0.028912570360306478,0.0022899083673986256
1.0200000000000007,6.544700581409704,0.017051426646009348,-0.03153496684661806,0.0018908771872844874
1.0300000000000007,6.531720281926932,0.01641736460512702,-0.03976670251137238,0.0028895083027515095
1.0400000000000007,6.504348687030553,0.008940104294193316,-0.03358092400781121,0.0003466757801593792
1.0500000000000007,6.477607993688355,0.01696911802517515,-0.03448307649948243,-0.00012432387973246653
1.0600000000000007,6.476177097226884,0.014258058584160767,-0.040069760216391664,0.0006399571730927103
1.0700000000000007,6.472880618412008,0.012231530055725005,-0.030257643332334095,-0.002266714039626869
1.0800000000000007,6.453075945223831,0.006166778207367489,-0.029802666785661375,-0.0028587778515314693
1.0900000000000007,6.454515269038359,0.011842028982730195,-0.02877827197162469,-0.0030226739923930645
1.1000000000000008,6.460860518304321,0.009987447018127246,-0.032351025615918676,-0.002531895743160776
1.1100000000000008,6.4480150535596366,0.009118616817891523,-0.025133069454630702,-0.004447892045429972
1.1200000000000008,6.455632193533128,0.006669122051200707,-0.023172399862385968,-0.004791253366015178
1.1300000000000008,6.467407871281929,0.004200508068195776,-0.02855636111923234,-0.0035121579447999875
1.1400000000000008,6.4597015164906715,-0.002084313256527841,-0.020800600190508552,-0.005357876818864395
1.1500000000000008,6.473018274242858,0.0037832432397505136,-0.01889565018998076,-0.00538061579517305
1.1600000000000008,6.488293629848145,0.0019766457557842806,-0.02441391161846772,-0.003918199351106457
1.1700000000000008,6.4842200012412174,0.0009672942284379165,-0.017018103267873983,-0.00575336301600283
1.1800000000000008,6.5013660653376615,-0.0011802808506652081,-0.014563102885407861,-0.005970401317172533
1.1900000000000008,6.519653641222198,-0.0028477945737484115,-0.01920986347847439,-0.004498491287766629
1.2000000000000008,6.519191145587161,-0.007109050260311322,-0.012373319317683179,-0.006278474363900932
1.2100000000000009,6.538398398574083,-0.0028609991185723493,-0.010221884366388103,-0.006430377953428721
1.2200000000000009,6.558501240789796,-0.0035300977680024696,-0.010883461411159713,-0.005904840796468051
1.2300000000000009,6.573415028891602,-0.006475921488282319,-0.008875737853062685,-0.006516887161678857
1.2400000000000009,6.589404961982322,-0.005086823814337367,-0.015354493969938677,-0.004113651116272814
1.2500000000000009,6.607310553120691,-0.007550344565000205,-0.007874911683057218,-0.006083345831550124
1.260000000000001,6.624367905246167,-0.009407534830528875,-0.007790508263883907,-0.006102463861118938
1.270000000000001,6.641231123156238,-0.009129547431566862,-0.008159434144301026,-0.00566709597243493
1.280000000000001,6.658736885854639,-0.012134480917710525,-0.008502281892119025,-0.005230263412319948
1.290000000000001,6.676257684748209,-0.010392650624801943,-0.008262167653412198,-0.005126563231243735
1.300000000000001,6.693750043004579,-0.01266432670818401,-0.008217553829529392,-0.004911732123037731
1.310000000000001,6.711427466830164,-0.012076502167492077,-0.007922034486789385,-0.004784556782466379
1.320000000000001,6.729217912285496,-0.013724507604767757,-0.0076161471676125985,-0.004753481025301187
1.330000000000001,6.747057946746163,-0.01307488736468687,-0.007259572806627911,-0.0046930487085947385
1.340000000000001,6.764952805854075,-0.013649441774468748,-0.006833760980651904,-0.004682769494171195
1.350000000000001,6.78290781580886,-0.018295835823063215,-0.006186785593414854,-0.004916839567582295
1.360000000000001,6.800829541956675,-0.011563302925676925,-0.005866065568959723,-0.004859620458825096
1.370000000000001,6.818734404850525,-0.012176846011091737,-0.005209185112242545,-0.004948044731693444
1.380000000000001,6.83672999185579,-0.01743901106827958,-0.004335702511293474,-0.005380751918958215
1.390000000000001,6.854712513715112,-0.01147443488832676,-0.0037597900543957907,-0.005430082512430843
1.400000000000001,6.872658744681674,-0.011434724037047286,-0.0029293563462186117,-0.005577313419596238
1.410000000000001,6.8906668217107265,-0.017443220895929767,-0.0018783167768358605,-0.005902076570612622
1.420000000000001,6.908634427142588,-0.009888994659812144,-0.001241215964166841,-0.006082211555438412
1.430000000000001,6.926555748459314,-0.014418127273102339,-0.000268646780188653,-0.006342380259896725
1.440000000000001,6.944475857984421,-0.010061987150938185,0.000417071493064703,-0.006529227701728236
1.450000000000001,6.962381403059896,-0.009835633283776301,0.0011132852627188405,-0.006729689062438963
1.460000000000001,6.980330030644531,-0.014437771492022274,0.0017546509758524704,-0.0068686493757076535
1.470000000000001,6.998243182365159,-0.012066199937258779,0.002307231699445564,-0.007009663051667641
1.480000000000001,7.016069041687766,-0.005876031722360426,0.0029488121830567463,-0.007183460402100181
1.490000000000001,7.0339339836272625,-0.01198715694646835,0.004010599117999793,-0.007437009987411333
1.500000000000001,7.0518295223530805,-0.005254787383608871,0.004873483591880314,-0.0076538097158011
1.5100000000000011,7.069732477145555,-0.0108225759662795,0.006061997193986092,-0.007983327424500877
1.5200000000000011,7.08762934259721,-0.008891679536115716,0.007047274338648117,-0.008170306131763536
1.5300000000000011,7.1054328211779785,-0.003177335347912093,0.007875940295250313,-0.008315956213849863
1.5400000000000011,7.123227959670974,-0.008164326056768029,0.008888754937821139,-0.008504682065034398
1.5500000000000012,7.141001021430848,-0.007510535161739126,0.009680038281388505,-0.0085799820632348
1.5600000000000012,7.158653726684269,-0.0011776051877182131,0.01025060447089512,-0.008596683619143146
1.5700000000000012,7.176256878578345,-0.006623776496845006,0.010992555033449028,-0.008622222611640544
1.5800000000000012,7.1938003470198115,-0.005843485517560867,0.011509703582624278,-0.008571475906983407
1.5900000000000012,7.211189487909856,-0.0043818215292825285,0.011921690103404823,-0.008500634825753127
1.6000000000000012,7.228431447793864,-0.0033105254069694763,0.012266207818409527,-0.008361188502163445
1.6100000000000012,7.24554448049544,-0.0032155311450543433,0.012550048075981115,-0.00820300415829307
1.6200000000000012,7.262528141472541,-0.0023083936902910697,0.012742228046987656,-0.00802710309665096
1.6300000000000012,7.279379611370949,-0.002466552529019613,0.012878791226464086,-0.007811520444992856
1.6400000000000012,7.296094750520205,-0.001828906659709878,0.012928928144857018,-0.007571057199647832
1.6500000000000012,7.312668574724117,-0.0018162373995695101,0.012916757611459788,-0.007318585696658779
1.6600000000000013,7.329101471526394,-0.001482419791306922,0.012831123620496215,-0.007039720007112372
1.6700000000000013,7.3453929989095625,-0.0013652005893999202,0.012682068449001225,-0.006744785100304913
1.6800000000000013,7.361546873672892,-0.0011885433084913852,0.012468484157895348,-0.006437242064804823
1.6900000000000013,7.377567619139038,-0.0010711560725612604,0.012195420202363883,-0.006116689214043646
1.7000000000000013,7.393462292197238,-0.0009602487418822862,0.011865740789940644,-0.005785485941819124
1.7100000000000013,7.4092395139922695,-0.0008717132161967931,0.011483462455617576,-0.005446602216160579
1.7200000000000013,7.424909672180816,-0.00079648739138533,0.011052708586493487,-0.005101564014628895
1.7300000000000013,7.4404845855263115,-0.000734356251781279,0.01057798064338185,-0.004752063112673434
1.7400000000000013,7.455977320951612,-0.0006824877750722326,0.010063991507770013,-0.0043999968983391025
1.7500000000000013,7.4714019234284015,-0.0006390964913825055,0.009515694057466518,-0.004047039029764903
1.7600000000000013,7.486773158222109,-0.0006022973402667202,0.008938218049412708,-0.0036947067871459533
1.7700000000000014,7.502106263435403,-0.0005704481459640359,0.008336818380187502,-0.003344460015792162
1.7800000000000014,7.5174168252678175,-0.000542057017398997,0.007716832797881877,-0.0029976672351144313
1.7900000000000014,7.532790413718068,-0.0005183619057801581,0.007086952775442168,-0.0026563121561292064
1.8000000000000014,7.54836077540936,-0.0005000461179382224,0.0064543883927247105,-0.0023218717286989433
1.8100000000000014,7.564142077696954,-0.00048227903776628994,0.005818671890762466,-0.0019940562882642824
1.8200000000000014,7.580142458201055,-0.0004632912290227345,0.0051847656915426305,-0.0016737718594772373
1.8300000000000014,7.596370501473396,-0.0005336887307839651,0.004557866410859252,-0.0013619138011642497
1.8400000000000014,7.612834824598186,-0.0007760366026428248,0.0039429234939723995,-0.0010585968529939014
1.8500000000000014,7.62954171733557,-0.0010016528844669576,0.003342961487646645,-0.0007628583842213992
1.8600000000000014,7.64649538717491,-0.0012032832479136441,0.0027622691807522855,-0.00047539628370943637
1.8700000000000014,7.663699217000732,-0.0013807852120508069,0.002204966351262917,-0.00019709956727860268
1.8800000000000014,7.681155430992558,-0.0015358030965527724,0.001675086926173281,7.142745194881284e-05
1.8900000000000015,7.698864816532942,-0.0016698067273397666,0.0012482210374194047,0.00031661059094549164
1.9000000000000015,7.7168257319757725,-0.0017833492243276572,0.0017140875235928516,0.00039859093401443024
1.9100000000000015,7.735024491609852,-0.001878274782308444,0.0024131893317616876,0.0004465392572510471
1.9200000000000015,7.753435141764553,-0.0019553139269446814,0.003062919958333256,0.000512567585531903
1.9300000000000015,7.772031282699789,-0.0020149998801763285,0.003656056601141611,0.0005958311903051045
1.9400000000000015,7.7907896841883195,-0.0020578168431194714,0.004188179390681125,0.0006958360513607087
1.9500000000000015,7.809690294480344,-0.0020841797685181877,0.004656895669555981,0.0008125353640951923
1.9600000000000015,7.8287160362175845,-0.002094440675583078,0.0050609349220713095,0.0009454535776849203
1.9700000000000015,7.847852580108027,-0.0020888774555540405,0.005399547422177759,0.0010937289920898616
1.9800000000000015,7.867088157870015,-0.0020677044654482534,0.00567220525246093,0.0012564241115294939
1.9900000000000015,7.886413417757238,-0.002031105860370484,0.005878495958301019,0.0014325650232860335
2.0000000000000013,7.9058213054604725,-0.0019792724721871117,0.006018132895745887,0.0016210746651274571
2.010000000000001,7.925306950214823,-0.0019124231033208344,0.006091036352505928,0.0018209541611202851
2.020000000000001,7.944867539513826,-0.0018308464109501234,0.0060974191902062125,0.002030941759834333
2.0300000000000007,7.9645021709231045,-0.001734922241597809,0.006037886371564069,0.0022494985787750183
2.0400000000000005,7.98421167421309,-0.0016251305661603682,0.0059135304487871665,0.00247503421341651
2.0500000000000003,8.003998400923331,-0.0015020696676414733,0.005726000253111229,0.002705884802412572
2.06,8.023865981570465,-0.0013664722323956905,0.0054775511792166135,0.002940268219340363
2.07,8.043819053178137,-0.0012192151636451157,0.00517108410740885,0.003176323796100555
2.0799999999999996,8.06386296178044,-0.0010613264983165807,0.004810176448702811,0.00341215562243662
2.0899999999999994,8.084003446125337,-0.0008939898938633258,0.0043991124025161855,0.0036458548084692725
2.099999999999999,8.104246310053508,-0.0007185454884200427,0.003942920502831081,0.0038755268132370274
2.109999999999999,8.124597092013587,-0.0005364870179743869,0.003447422568458869,0.0040993281200224505
2.1199999999999988,8.145060740968097,-0.00034945559113873847,0.0029192913389575353,0.004315501957988848
2.1299999999999986,8.165641308609999,-0.0001592302829964074,0.0023661046194994226,0.004522414408218729
2.1399999999999983,8.186341668382056,3.2284158542209225e-05,0.0017963719690523435,0.0047185956269104054
2.149999999999998,8.207163272227854,0.00022307189454614222,0.0012194992911493698,0.004902785438144001
2.159999999999998,8.228105956146985,0.0004110221344339042,0.000645652889106027,0.00507398110541663
2.1699999999999977,8.249167805190066,0.0005939460475781709,8.549342580467269e-05,0.005231484656906232
2.1799999999999975,8.270345087142664,0.0007695936393208869,-0.00045022537323151856,0.00537494387636477
2.1899999999999973,8.291632261493811,0.0009356700233302926,-0.000951162434410549,0.0055043788562204165
2.199999999999997,8.31302206628642,0.0010898512949618958,-0.0014079332006827177,0.0056201871182868296
2.209999999999997,8.334505680427963,0.0012298026511393771,-0.0018126068466676754,0.005723123490104611
2.2199999999999966,8.356072953735,0.0013532128031061169,-0.0021590830266572376,0.00581425546453867
2.2299999999999964,8.377712692354237,0.0014659802318752178,-0.002443322884997755,0.005894899594559378
2.239999999999996,8.399412989502533,0.001602032224218228,-0.0026684551491088855,0.005966523735471389
2.249999999999996,8.421161564947894,0.0017660453833733595,-0.0029209853729238967,0.006030746631116952
2.259999999999996,8.442945743546307,0.001957471586853349,-0.0032289903969348202,0.00608644857683392
2.2699999999999956,8.464752004222857,0.0021742082212037363,-0.0035830025224785457,0.006132082964548523
2.2799999999999954,8.486565588781927,0.0024126889309848717,-0.003969757249071297,0.00616715477400034
2.289999999999995,8.508370277758303,0.0026681886904090708,-0.004374061611886798,0.006190729869272767
2.299999999999995,8.530148299505973,0.002935188133882774,-0.004780705834326245,0.006202757019791271
2.3099999999999947,8.551880367898818,0.003207796565755754,-0.0051759643009727,0.006204202633327771
2.3199999999999945,8.573545828933767,0.0034802310929189775,-0.005548454292501137,0.006194605479790225
2.3299999999999943,8.595122888790968,0.00374703398664483,-0.00588946222745259,0.006176500965714866
2.339999999999994,8.61658889480485,0.004003466448260988,-0.006192787203712664,0.006149982430280447
2.349999999999994,8.637920644036805,0.004245582987623468,-0.006454420710851385,0.006115156369704585
2.3599999999999937,8.659094699215245,0.004469955376555955,-0.006672262996119524,0.006080478377331282
2.3699999999999934,8.680087697052391,0.004675354516187889,-0.006845084126886458,0.0060178411578562865
2.3799999999999932,8.700876638295005,0.004857150706170724,-0.006974362740536748,0.006003672323508715
2.389999999999993,8.72143915244867,0.0050236545922737975,-0.007057344259227126,0.005819275680279086
2.399999999999993,8.741753731954013,0.005158064305724994,-0.0071029512015044,0.0058623324221899285
2.4099999999999926,8.76179993054383,0.0052705608389965195,-0.007109276472214838,0.0058983370545832164
2.4199999999999924,8.78155852595844,0.005375492512870373,-0.007072240239386786,0.005644738506679005
2.429999999999992,8.801011647759104,0.005443323989451052,-0.007009073945931092,0.005724907421895704
2.439999999999992,8.820142868520122,0.005490489028130646,-0.0069170088605932595,0.005798401557279362
2.4499999999999917,8.838937248200665,0.005535183179195262,-0.0067900355387407445,0.00554723793699884
2.4599999999999915,8.85738135285271,0.005544433769003579,-0.006647504509727134,0.005618610724828183
2.4699999999999913,8.875463269655723,0.005534156952433163,-0.006485004195532384,0.0057139211858636876
2.479999999999991,8.893172601678625,0.005525997755266132,-0.006294738041534101,0.005477035490769413
2.489999999999991,8.910500434533665,0.005493961106505489,-0.006093478446974253,0.005393538686078441
2.4999999999999907,8.927439285229145,0.005432869129007795,-0.005887639983680779,0.005553900097995402
2.5099999999999905,8.943983039671147,0.0053770202188323105,-0.00566225732508679,0.005395745020942088
2.5199999999999902,8.96012687176695,0.0053072632410849085,-0.0054308892343801155,0.005272390029263135
2.52999999999999,8.97586715032355,0.00520700377020642,-0.005206038631365035,0.005460738819458601
2.53999999999999,8.99120134561093,0.005103736446092403,-0.004975535328016579,0.005528916272217432
2.5499999999999896,9.006127929417378,0.005008724572263645,-0.004735597547019114,0.005325429364894964
2.5599999999999894,9.02064626870788,0.004887130227148056,-0.004508673670078036,0.005411976671241861
2.569999999999989,9.034756526596802,0.004755431694651078,-0.004287629362187264,0.005530652359161244
2.579999999999989,9.04845957099498,0.004638556299212465,-0.004059702661532065,0.0053180476828512575
2.5899999999999888,9.06175688209357,0.004511211731183002,-0.0038413383795850324,0.005171505672746046
2.5999999999999885,9.074650468637257,0.004355181836291131,-0.0036449604675958414,0.005360885644175509
2.6099999999999883,9.087142800093835,0.0042162697624080585,-0.003443949000297747,0.005209609340305651
2.619999999999988,9.099236742963352,0.004072875773543346,-0.0032521407696225356,0.005056246734644108
2.629999999999988,9.110935501272932,0.003901582454759604,-0.0030845662101401466,0.005236661634018509
2.6399999999999877,9.122242575239397,0.0037485742030296965,-0.002912721712844994,0.005083936687150729
2.6499999999999875,9.133161728042545,0.0035920268094187264,-0.0027503250040092552,0.004930381930286208
2.6599999999999873,9.143696954115518,0.0034104025701355463,-0.0026122419119258325,0.005103960947567724
2.669999999999987,9.15385244268364,0.003639248104040222,-0.0024698393268806937,0.004941035827434532
2.679999999999987,9.163628528314492,0.004184349183247109,-0.00233711726864128,0.0047791029573025865
2.6899999999999866,9.173017475219302,0.004690462100377352,-0.0022271118981294223,0.004937871484271431
2.6999999999999864,9.182008093813664,0.005196121280705736,-0.002107572087481505,0.004761108222409493
2.709999999999986,9.19059143452307,0.005673001805234083,-0.0019933742646368107,0.004586579832049159
2.719999999999986,9.198758866337576,0.0060977872288587,-0.0018994245075368917,0.00472428952377711
2.7299999999999858,9.206499817488188,0.0065190542219345305,-0.0017930227934800985,0.004537689611521145
2.7399999999999856,9.213804681929489,0.006913910647196421,-0.0016892940023514615,0.004352703299464859
2.7499999999999853,9.220664640922699,0.007259435716047405,-0.0016028223444502826,0.0044556315674088584
2.759999999999985,9.227069087135487,0.007598404115285818,-0.001512140831173841,0.0042663085281526795
2.769999999999985,9.233010090338661,0.007907981076403697,-0.0017768718955618256,0.004002768412851945
2.7799999999999847,9.238471835970651,0.008177177098970182,-0.0022305967932595636,0.003793616401727304
2.7899999999999845,9.243423195487564,0.008411643278125259,-0.0026680614147484532,0.003566176995201788
2.7999999999999843,9.247872724112916,0.008610476219327604,-0.003084367500042595,0.0033184621814633247
2.809999999999984,9.25168156012382,0.0087638904518677,-0.0034705720757959003,0.003103386530903854
2.819999999999984,9.255360501019881,0.00888734793504079,-0.0038565059076797795,0.002888917830024939
2.8299999999999836,9.251727602293288,0.008799863992771524,-0.003852574419716785,0.002744437800580941
2.8399999999999834,9.259446118514694,0.009056254319931113,-0.004749889744396566,0.002420152182166601
2.849999999999983,9.264676545478476,0.00900570789995114,-0.004922036800769076,0.0022499511998109803
2.859999999999983,9.25457855282315,0.00886324496242936,-0.004595463571510559,0.002180461467413207
2.869999999999983,9.26298125157512,0.008790574739137635,-0.005657195617925796,0.0018233704181333814
2.8799999999999826,9.26998293631606,0.008673417008263762,-0.005736058919512456,0.0016755605876892987
2.8899999999999824,9.257575837204275,0.00880705390476857,-0.005377756757486221,0.0016187359773224654
2.899999999999982,9.253037466346374,0.0076986596388585685,-0.005589245353448002,0.001443574562238514
2.909999999999982,9.262462576582127,0.007826923216762757,-0.0062285506981466605,0.0011844191578487425
2.9199999999999817,9.252132660412645,0.008626604021569808,-0.0059237646557699685,0.0011218579567283582
2.9299999999999815,9.242942055162716,0.0065643517379339825,-0.006001034702893807,0.0009807535095141913
2.9399999999999813,9.252193021426208,0.006532450676284878,-0.006353473291222536,0.0007872843232108954
2.949999999999981,9.244584338403397,0.010926265198565885,-0.006545346485888118,0.0006300015513090154
2.959999999999981,9.232221314208214,0.00437912239985298,-0.006012425764836983,0.0006176609919562965
2.9699999999999807,9.240054021929607,0.0040395610525456125,-0.0060018362896920195,0.0005008704160285036
2.9799999999999804,9.230755300331452,0.004744132849443028,-0.009750043818411614,-0.00032518835553305495
2.9899999999999802,9.217550412259502,0.008001679910670849,-0.004512856180343311,0.0005541361734855362
2.99999999999998,9.224273607251964,0.0021876662947750603,-0.004652322023320446,0.0004075942262296371
3.00999999999998,9.212213027200713,0.002791939681168805,-0.004696258284406079,0.00026497657749691465
3.0199999999999796,9.19850884006522,0.006163306815027,-0.008758989994168968,-0.000574746911672484
3.0299999999999794,9.204451212328143,0.0006275319664991279,-0.0033225551689135724,0.0002787722033293287
3.039999999999979,9.190628567559482,0.005372104264648459,-0.003277078881446475,0.00014779127811358217
3.049999999999979,9.175922172195861,-0.0004771498364205999,-0.007576442713423884,-0.0007033325798289247
3.0599999999999787,9.180608946254583,-0.0003250812813914128,-0.0020224496366641003,9.491942641082424e-05
3.0699999999999785,9.16578801374434,0.004727625098964855,-0.006029291042976184,-0.0006902886127730686
3.0799999999999783,9.150197216107934,0.0020075237623592163,-0.0012301533010994872,-5.494332007562877e-05
3.089999999999978,9.1524282056855,-0.002097183879631786,-0.0010550525609890312,-0.0001690017123966953
3.099999999999978,9.137360359399702,0.0028454498872882692,-0.006137223816238764,-0.0010939693361761886
3.1099999999999777,9.121379127269618,-0.0022995615776535776,-0.003781005602983744,-0.0008537620970329647
3.1199999999999775,9.109698985553392,0.0014621845724317947,0.0012638734918257982,-0.00026079616095187497
3.1299999999999772,9.098332243117891,0.0009451057869917097,-0.0038917013437631365,-0.0011536814800732359
3.139999999999977,9.085023132400952,-0.0029643242456512016,0.0012097933855342367,-0.0005786088495365433
3.149999999999977,9.072491240763556,0.000840805598698958,-0.003034376985296659,-0.00130819527456732
3.1599999999999766,9.060498104718487,-2.214116650463333e-05,-0.0015821737395180866,-0.0012512627878617242
3.1699999999999764,9.047823452999353,-0.0014923562605225317,-0.0009325701019331788,-0.0012959595853435477
3.179999999999976,9.035086340485156,-0.0004641881779164553,0.002651170840614186,-0.0009888838423496903
3.189999999999976,9.022493673506231,-0.0015793684258162458,-0.0011957255566386567,-0.0016271076824533105
3.1999999999999758,9.009759384163964,-0.0009158268769281269,-0.000538834867241239,-0.0016802729538881605
3.2099999999999755,8.99683524061302,-0.0011322426305500487,0.00036011026354454965,-0.0017010156401634916
3.2199999999999753,8.98379447535757,-0.0031353607978338175,0.0008171602913428549,-0.001788673747659798
3.229999999999975,8.97065520433495,-0.0004083922016475907,0.0010273876638569653,-0.0019089258172295426
3.239999999999975,8.957394039737549,-0.0005585617204045712,0.0013177632798389675,-0.0020028951697846336
3.2499999999999747,8.943988973588377,-0.0008221132004222584,0.0014117487429781087,-0.002117777005109072
3.2599999999999745,8.930443815026292,-0.0011313197423802092,0.0016021651176710264,-0.0022267524333954175
3.2699999999999743,8.916762970164845,-0.0010187603342519647,0.0016835312080400986,-0.0023416025242401425
3.279999999999974,8.902944581557492,-0.0011531306677375708,0.001788395295557921,-0.002448828163977382
3.289999999999974,8.888985142984644,-0.001003665431077591,0.0018538718466115554,-0.0025602640862998024
3.2999999999999736,8.874882462473158,-0.0010278377366969881,0.001910300213733122,-0.002667490538686742
3.3099999999999734,8.860634126380146,-0.0009147549951251665,0.0019487476760231492,-0.0027716870797013416
3.319999999999973,8.846238067117135,-0.0008686850766586816,0.00197438338229914,-0.002875541531578056
3.329999999999973,8.831692022852469,-0.0007775929284805311,0.0019875118425214853,-0.0029751320225136946
3.3399999999999728,8.816994054915629,-0.0007019743482020146,0.001989830327914147,-0.0030714889017791677
3.3499999999999726,8.802142321219826,-0.0006153827723878605,0.001982547555146924,-0.0031664276482671777
3.3599999999999723,8.787135235782078,-0.0005309738230084208,0.0019667370935813593,-0.0032557505871324373
3.369999999999972,8.77197142105646,-0.00044480879103928793,0.0019435343888206857,-0.0033428741687945253
3.379999999999972,8.75664976070871,-0.00035955020133166877,0.0019138889439485553,-0.003427232282992347
3.3899999999999717,8.741169408451299,-0.0002757281139887227,0.0018788219249603942,-0.0035037204896727135
3.3999999999999715,8.725529815723675,-0.00019374895933611095,0.0018404945523201983,-0.0035833294839340306
3.4099999999999713,8.709730763195681,-0.0001151898414638504,0.0017987145995919242,-0.0036501737238045836
3.419999999999971,8.693772383447692,-4.001894890341862e-05,0.0017538899786628777,-0.0037190220173271946
3.429999999999971,8.677655161442374,3.1101654829870645e-05,0.001706138507670336,-0.0037903725587161534
3.4399999999999706,8.66137993341941,8.958370433234421e-05,0.001651918112701195,-0.003709365713459179
3.4499999999999704,8.644947885619603,0.00015474969751700878,0.0016007064723496211,-0.0038597801373171253
3.45999999999997,8.628360545157289,0.00021288484690208464,0.0015466135692336488,-0.003986619149584982
3.46999999999997,8.611619738319074,0.0002498408750695805,0.001483639200989189,-0.0038198827856703085
3.47999999999997,8.594714962159452,0.00029683590563535703,0.0014270579127380197,-0.0039893413480112504
3.4899999999999696,8.577576550822014,0.00033563468063512716,0.0013700704539930583,-0.004142394640683743
3.4999999999999694,8.560194239763836,0.0003506210530139984,0.0013049078242288216,-0.0039607823593761585
3.509999999999969,8.542571994491697,0.00037424139310568216,0.0012467390798854793,-0.00411286979903923
3.519999999999969,8.524712349087803,0.00039068675860531475,0.0011881509067592747,-0.004261967944905981
3.5299999999999687,8.506615993846124,0.00038407513747296037,0.00112218787460421,-0.004072210597392804
3.5399999999999685,8.48828288971677,0.000385442964057386,0.0010633179191067619,-0.004204437156128454
3.5499999999999683,8.469713127765182,0.0003804391919302497,0.001005025057546575,-0.004343992345458094
3.559999999999968,8.450907339050083,0.00035346495642097573,0.0009405310382353874,-0.004143613299987042
3.569999999999968,8.431866833437526,0.0003334967834889943,0.0008829391161272837,-0.004239333222904382
3.5799999999999677,8.412593623219415,0.0003095667711397854,0.0008271934286396866,-0.004376932274716061
3.5899999999999674,8.393090411763042,0.00026513581897122195,0.0007661379229720155,-0.004169033966049582
3.5999999999999672,8.373360579201377,0.00022019218191781626,0.0007084900724836058,-0.0040619556271422
3.609999999999967,8.353408170369113,0.0001834198397089927,0.0006576582743758175,-0.004252494515661745
3.619999999999967,8.333237883434286,0.00012994567683973266,0.0006030001375594654,-0.0041388034419149325
3.6299999999999666,8.312855059578773,7.12430767787642e-05,0.0005492016585159976,-0.003984547711431064
3.6399999999999664,8.292265670152519,2.312792575775207e-05,0.0005020822361001762,-0.0041705186126743034
3.649999999999966,8.271476298888905,-3.266884350966997e-05,0.00045400390616458296,-0.004232681555917848
3.659999999999966,8.250494123416146,-0.00010153836519663956,0.00040292679469432,-0.004013961031445625
3.6699999999999657,8.229326896799536,-0.00016734742140516088,0.0003548740149290136,-0.0039104786924733185
3.6799999999999655,8.20798292623184,-0.0002240577759550144,0.0003116117102733404,-0.004076542797334349
3.6899999999999653,8.186471049685547,-0.0002938568854174161,0.00026498439096180585,-0.003896417435113717
3.699999999999965,8.164800610907877,-0.0003628011966143005,0.0002199171580875347,-0.0037343375427529362
3.709999999999965,8.142981432079532,-0.00041959025942998955,0.00017969107553795723,-0.0039025919132876768
3.7199999999999647,8.121023785860874,-0.00048678722649295045,0.00013685728056944116,-0.0037322757601460374
3.7299999999999645,8.098938365569053,-0.0005523960696381131,9.519721562285108e-05,-0.0035548349842699466
3.7399999999999642,8.076736253518133,-0.0006049948887446303,5.747846204730177e-05,-0.0037104278414334443
3.749999999999964,8.054428890329214,-0.0006655567849937295,1.7843274617151517e-05,-0.003526184796433644
3.759999999999964,8.03202804311811,-0.0007241364398806147,-2.068802225505344e-05,-0.00333991205914379
3.7699999999999636,8.009545774124948,-0.000779362254500764,-5.634106717043445e-05,-0.0034830384259580943
3.7799999999999634,7.986994417943484,-0.0008525943355661015,-9.318431307014492e-05,-0.003283946962038065
3.789999999999963,7.964386547874831,-0.0009338264758704499,-0.00012904695524656591,-0.0030872249829200387
3.799999999999963,7.941734925007495,-0.0010145045597272093,-0.0001631577165481402,-0.00321456793123584
3.8099999999999627,7.91905244623079,-0.0011118939855932393,-0.0001976456551838421,-0.003004740354402215
3.8199999999999625,7.896352090916845,-0.0012164209789074746,-0.00023131533589793637,-0.0027984469653783922
3.8299999999999623,7.873646867088631,-0.0013202243366172114,-0.00026438134958312807,-0.002902309807561847
3.839999999999962,7.850949761764562,-0.0014372633918053768,-0.00029697799085916373,-0.0026884372639117845
3.849999999999962,7.828273692499386,-0.0015589189826317388,-0.00032892361985867785,-0.0024762249000591387
3.8599999999999617,7.805631460678819,-0.0016791580192659277,-0.0003611736814532806,-0.0025050537959991756
3.8699999999999615,7.7830357112208,-0.0018062463044521075,-0.0003924160843798246,-0.0023135108502203893
3.8799999999999613,7.760498895548687,-0.0019344623539662746,-0.00042317907683831575,-0.0021153487331953824
3.889999999999961,7.738033238192739,-0.002060998039281341,-0.00045411304020583185,-0.0019947085049224224
3.899999999999961,7.7156507103166705,-0.0021863239149671264,-0.0004847843371655295,-0.0018586869729067114
3.9099999999999606,7.693363007796039,-0.0023092436429290202,-0.000515170443905169,-0.001707037889773261
3.9199999999999604,7.671181533865639,-0.0024281075921066373,-0.0005456610759659503,-0.0015781507514345235
3.92999999999996,7.649117386855927,-0.002542280054972905,-0.000576119617627976,-0.0014494718235705437
3.93999999999996,7.627181352406901,-0.002651238708800717,-0.000606471521917724,-0.0013125854288703067
3.9499999999999598,7.6053838989257745,-0.0027543288752154725,-0.0006369296161056373,-0.001182627818202644
3.9599999999999596,7.583735175693567,-0.0028510374757055226,-0.0006674519825121072,-0.001053100595019115
3.9699999999999593,7.562245014131719,-0.0029409467125036362,-0.0006979833910939162,-0.0009190641845102457
3.979999999999959,7.540922931979885,-0.003023672911846999,-0.0007286291489327578,-0.0007863284100009285
3.989999999999959,7.519778139550316,-0.0030990094756537727,-0.0007593791201039596,-0.0006531201247571949
3.9999999999999587,7.498819547621178,-0.0031668488418286887,-0.0007901989444383208,-0.0005171757605747314
4.009999999999959,7.478055776500793,-0.0032271613462410754,-0.000821129319786952,-0.0003805429436703607
4.019999999999959,7.457495165937688,-0.0032800155679088166,-0.0008521657989301295,-0.00024295639045521548
4.0299999999999585,7.437145785594903,-0.0033255532762738664,-0.0008832833189408279,-0.00010356164668757752
4.039999999999958,7.41701544587857,-0.0033639796856730466,-0.0009144844124613299,3.698650250042801e-05
4.049999999999958,7.397111709097283,-0.0033955551831803764,-0.0009457563093315957,0.0001785592130624162
4.059999999999958,7.377441901248597,-0.0034205818510281757,-0.000977071954856441,0.00032136981048537484
4.069999999999958,7.3580131256461145,-0.0034393966108284594,-0.0010084098425123592,0.0004651901949719422
4.079999999999957,7.338832283475917,-0.0034523613819555463,-0.0010397422620510063,0.000609845513752207
4.089999999999957,7.31990614077657,-0.003459854402957169,-0.0010710315467309835,0.0007553002067727145
4.099999999999957,7.3012398406842545,-0.0034622258694809163,-0.001102255108484636,0.0009014388077708138
4.109999999999957,7.282838775779313,-0.003459867189351424,-0.0011333660912395114,0.0010482332947076972
4.119999999999957,7.264709295015774,-0.003453184022382717,-0.001164302570527379,0.0011955551811143365
4.129999999999956,7.246857493874132,-0.003442547981580531,-0.0011950118813303188,0.0013432346245220138
4.139999999999956,7.229289228263558,-0.003428318797352563,-0.0012254354409772644,0.0014911455407563296
4.149999999999956,7.2120101291285845,-0.003410836039966179,-0.001255510804368273,0.001639155156996403
4.159999999999956,7.1950256209175905,-0.003390416418284561,-0.001285172450100851,0.0017871131705213554
4.1699999999999555,7.178340937414921,-0.003367351487358937,-0.0013143513346659957,0.0019348758618875825
4.179999999999955,7.16196113292162,-0.003341906114354205,-0.001342975492467928,0.0020823019581564794
4.189999999999955,7.145891089231297,-0.0033143173421188734,-0.0013709708336670206,0.002229246274447595
4.199999999999955,7.130135519620322,-0.0032847933653473785,-0.0013982615736082668,0.002375564041016201
4.209999999999955,7.114698971031199,-0.0032535129261366123,-0.0014247707854925767,0.002521112261816515
4.2199999999999545,7.099585825318681,-0.003220625176826358,-0.0014504210949630233,0.0026657481378241227
4.229999999999954,7.084800300109826,-0.003186249861181721,-0.0014751352994037679,0.002809329608158543
4.239999999999954,7.070346449590728,-0.0031504778226991775,-0.001498836970079543,0.0029517162098415812
4.249999999999954,7.056228165383807,-0.003113371848423504,-0.0015214510861147918,0.0030927690239074715
4.259999999999954,7.042449177599507,-0.003074967802003251,-0.0015429046462422794,0.0032323508402715864
4.269999999999953,7.029013056109812,-0.0030352760413338955,-0.0015631272441499911,0.003370326601579887
4.279999999999953,7.015923212075172,-0.0029942831704854113,-0.0015820516214370029,0.0035065636607420525
4.289999999999953,7.003182899751389,-0.00295195421861953,-0.0015996141848791132,0.003640932000508358
4.299999999999953,6.990795218597854,-0.002908235448809545,-0.0016157554727331922,0.0037733045375458085
4.3099999999999525,6.9787631156985555,-0.0028630582562524163,-0.0016304205676316848,0.003903557387879594
4.319999999999952,6.967089388490788,-0.0028163451813226596,-0.001643559444430103,0.00403157007484321
4.329999999999952,6.95577668775994,-0.002768020615625823,-0.0016551272279111007,0.004157225711613065
4.339999999999952,6.944827520789102,-0.002718033977293564,-0.0016650843005610932,0.00428041109046532
4.349999999999952,6.934244254369156,-0.0026664275438055872,-0.0016733960234596643,0.004401016529059338
4.3599999999999515,6.924029116802143,-0.0026177921016541173,-0.0016800018085876087,0.004518928565159826
4.369999999999951,6.9141841555278205,-0.0027737615658600515,-0.0016834073407179908,0.004633686140910213
4.379999999999951,6.904709232469474,-0.003040695593951242,-0.0016841488980263012,0.004743948360249846
4.389999999999951,6.895600739616314,-0.0032963672368363484,-0.0016832485062218496,0.004849086978909359
4.399999999999951,6.886853620658355,-0.0035369095458114112,-0.0016808160152581427,0.004949884497714123
4.40999999999995,6.878462820129055,-0.0037612495760854956,-0.001676928585884383,0.005046129889012715
4.41999999999995,6.870423402435072,-0.003970533153000559,-0.0016716534626380545,0.005137464546572571
4.42999999999995,6.86273045914513,-0.004166085414183081,-0.0016649995597286952,0.005224477098921667
4.43999999999995,6.855379008348876,-0.004348920144080723,-0.0016570313056249648,0.005306970214810902
4.4499999999999496,6.848363958404949,-0.004519603343790774,-0.0016478145063856388,0.0053848257294571555
4.459999999999949,6.841680126311746,-0.00467826394406743,-0.0016373711177990464,0.005458626571788477
4.469999999999949,6.835322281373605,-0.004824780610295784,-0.0016257836547792456,0.005528038206260539
4.479999999999949,6.829285194162349,-0.004958767533903538,-0.001613100808957334,0.0055932491316680625
4.489999999999949,6.823563684143087,-0.005079642812381128,-0.0015993426223550118,0.005654842571658072
4.4999999999999485,6.818152666588552,-0.0051868034788620345,-0.0015846149930746976,0.005712111614335642
4.509999999999948,6.813047200388185,-0.005279463559431562,-0.0015689042645217694,0.005766062218502116
4.519999999999948,6.808242536688701,-0.005356889789597955,-0.0015522665959033025,0.005816599248629286
4.529999999999948,6.803734166891945,-0.005418429599711246,-0.001534812014788979,0.005862800638952432
4.539999999999948,6.799517868289421,-0.005463163535020613,-0.0015163542231480384,0.005907872215730775
4.549999999999947,6.79558974601841,-0.005490872118487572,-0.0014972790454191613,0.005946770290104019
4.559999999999947,6.791946270442673,-0.00550054512262773,-0.0014771455549773536,0.005986088266821686
4.569999999999947,6.788584309087297,-0.005492076746536495,-0.0014562356553727493,0.006022026056579267
4.579999999999947,6.78550115237305,-0.005466111457851223,-0.0014353288780762537,0.00604379228401516
4.589999999999947,6.782694532396923,-0.005418797210003076,-0.001411180578843464,0.006096715010675433
4.599999999999946,6.780162634445386,-0.0053666463404347005,-0.0013979548372412623,0.005982172422297908
4.609999999999946,6.777904101860019,-0.005276358233562,-0.0013670389614288733,0.006098358329613199
4.619999999999946,6.775918034153548,-0.00516723988814905,-0.001335966943780833,0.006200274451080253
4.629999999999946,6.774203990005951,-0.0050699107789156,-0.0013248098545716688,0.006010712516194413
4.6399999999999455,6.772761922992686,-0.004921635327850725,-0.0012888887568395166,0.006151658218827547
4.649999999999945,6.771592158917142,-0.004762645949524612,-0.0012524890172536229,0.006280203882884008
4.659999999999945,6.7706955459479525,-0.004610460439810469,-0.0012384625158363216,0.006082749615770931
4.669999999999945,6.770072872500869,-0.004447141917889684,-0.0011993965926011699,0.006215671566086502
4.679999999999945,6.769725944295005,-0.004095605096229793,-0.0011613656722829894,0.006346342240830278
4.689999999999944,6.7696552825541945,-0.006715031358989821,-0.0011078153279224727,0.006138382085630178
4.699999999999944,6.769833415522879,-0.0018415295331502826,-0.0011287824659655197,0.006270831533259921
4.709999999999944,6.770194165835879,-0.0013548729610764695,-0.0011020695800175386,0.0064080436702034956
4.719999999999944,6.775985446136226,-0.007425413478374274,-0.0004626618583195438,0.006053164989742061
4.729999999999944,6.771418038150857,-0.000335623876998858,-0.0016292910537385635,0.006466932585717511
4.739999999999943,6.778905818171133,3.753363237337484e-05,-0.00030778499448928787,0.00626670222518697
4.749999999999943,6.786376466443463,-0.006866137252079017,-0.000297469811710305,0.006077644996754106
4.759999999999943,6.777534447744842,-0.004744185248895542,-0.0019519175227369662,0.006586523357372273
4.769999999999943,6.773954478436843,0.0032744293241704614,-0.0015812811402978087,0.006613222041508771
4.7799999999999425,6.786542967162013,0.0016406039040012333,-5.0329693647579695e-05,0.006045792859885479
4.789999999999942,6.780190977698178,-0.005241931727868004,-0.0017806959047199844,0.006540596581366
4.799999999999942,6.774539363697778,-0.003194002310412894,-0.0014591592021882644,0.006590483250127814
4.809999999999942,6.787875448804349,0.0036325252624395013,-1.1301582574631676e-05,0.006037314013292242
4.819999999999942,6.797161405755426,-0.004112269892332331,8.027573530009039e-05,0.005917910851300151
4.8299999999999415,6.7870545975773116,-0.0016501026064515616,-0.001113330968969587,0.006387740777138135
4.839999999999941,6.796119756253909,0.004128949623732008,-0.0006729802643528583,0.006156264406529024
4.849999999999941,6.806765416182959,-0.002285013277548556,-0.0002746142636190231,0.005934672109641336
4.859999999999941,6.796898161843296,-0.0011294785870961481,0.0026724544190144498,0.005479304398338173
4.869999999999941,6.805786079373188,0.004459670871729705,-0.0019004082959742721,0.0064012801047278545
4.87999999999994,6.816364479709362,-0.001503896029567756,-0.001719664142749573,0.006200931978171661
4.88999999999994,6.806690160849192,-0.0004565828430377119,-0.002465981103126315,0.006523862079580022
4.89999999999994,6.816507954677227,0.003854181333657713,-0.0011690020749012943,0.006123489218800338
4.90999999999994,6.8273631113228594,-0.00030717459599065603,-0.00044942588633121175,0.00582043359276005
4.9199999999999395,6.818188607721862,0.00019444189176242002,0.0026462809830058815,0.005373817521540826
4.929999999999939,6.8286931323664595,0.0010003306498542143,-0.002422217356639859,0.006251902505016196
4.939999999999939,6.839848975588015,0.001507321474131786,-0.0018420033111110846,0.005963262193702611
4.949999999999939,6.8316162948365475,0.0011950542521740025,0.0023322929998107343,0.005314248539863147
4.959999999999939,6.842552883857679,0.004981087604688681,-0.0029481612782430097,0.0061630475391349455
4.9699999999999385,6.854175292294151,0.0005549827674887892,-0.0018903006462786425,0.005780553495746292
4.979999999999938,6.849246566141914,0.0008484275298406467,0.0023973731512210725,0.0051339413770135674
4.989999999999938,6.859782302899856,0.0010068070493565607,-0.0029088072879762837,0.005920706331249677
4.999999999999938,6.871283320078595,0.0014756100798798844,0.0017259527313534756,0.004908935707786709
5.009999999999938,6.878869857384076,0.0013154190299951194,0.0024690323300363723,0.004915023374196343
5.019999999999937,6.885938013133732,0.0016967639527937248,-0.004169543646236225,0.005869201495835367
5.029999999999937,6.894722045855073,0.0017010111813221922,-0.0011818857359590991,0.005151137784792462
5.039999999999937,6.902984677273874,0.0017114720761542722,0.0019816593463374012,0.004543242244022694
5.049999999999937,6.91075188670925,0.001714669393464622,0.0008363310924116357,0.004649494242158426
5.0599999999999365,6.918932289690898,0.0017173501958918683,-0.0015391785283738666,0.004874526821690307
5.069999999999936,6.927216127270427,0.0016922453191332847,0.0005391863563068704,0.004416933812232075
5.079999999999936,6.935501474780609,0.001668597960299386,0.0014881742837878128,0.0041852865091251985
5.089999999999936,6.943906912347522,0.0016446429799133655,-0.003191747016662874,0.004756528564859518
5.099999999999936,6.9525006602221975,0.0016124405860316895,0.001434454997158868,0.003933236124708524
5.1099999999999355,6.9612760929628825,0.0015815179160091617,0.0013723325336550628,0.0038325737319757527
5.119999999999935,6.970157935036449,0.0015524895237320373,0.0002183004310536245,0.003888448720383061
5.129999999999935,6.979176734571034,0.0015198142586464515,0.0009329020126530426,0.0036501704269048516
5.139999999999935,6.9883661993309865,0.0014891789480798836,-0.0026441240233342203,0.00399203385493339
5.149999999999935,6.997773590726103,0.0014571505091610544,0.0011801529307518778,0.0033489815722229695
5.159999999999934,7.007397166615349,0.0014254762006000118,0.0011234355658640465,0.0032201346680462437
5.169999999999934,7.017171582594077,0.0013961619085897659,0.00095545896477615,0.0031099423665682992
5.179999999999934,7.0271022555284235,0.0013669962926800504,0.0006296821337722844,0.0030046789743952054
5.189999999999934,7.037211078319626,0.0013400165222531707,0.0007002837481530391,0.0028462813471084613
5.199999999999934,7.047506254263294,0.0013164568046122658,0.0005853153087105066,0.0027088412533908587
5.209999999999933,7.057988262315879,0.0012962645996521074,0.0006459970042143193,0.002547513175561681
5.219999999999933,7.068658653750037,0.0012796152246625921,0.0006435751468248416,0.0023890123596228344
5.229999999999933,7.079518231460873,0.0012668175753217585,0.000685881924488891,0.0022223580836147425
5.239999999999933,7.090567981205147,0.0012580460330249151,0.000721272342138284,0.0020532907669374226
5.2499999999999325,7.101808165885593,0.0012534587929496355,0.0007649226753370875,0.0018802158497422475
5.259999999999932,7.1132388247907565,0.0012531941886347996,0.0008101600925566876,0.0017039077798387421
5.269999999999932,7.124859732594915,0.0012573733997718129,0.000857435538790233,0.001524467869929191
5.279999999999932,7.136670485271932,0.0012660809982993962,0.0009056908910014081,0.0013421034670459784
5.289999999999932,7.148670510456405,0.001279363669257647,0.0009543643052287498,0.0011569558046531877
5.299999999999931,7.160859086592776,0.001297226589520482,0.001002875469887027,0.0009691636546554718
5.309999999999931,7.173235356160072,0.001319629188987141,0.0010506911908746434,0.0007788546680202352
5.319999999999931,7.185798336897127,0.0013464815200142216,0.0011004256893415315,0.0005859234226546689
5.329999999999931,7.198546884675105,0.0013776423037361355,0.0011568638237644958,0.0003901711545756294
5.339999999999931,7.211479578933932,0.0014129187802521892,0.0012202630811097212,0.00019178383820657777
5.34999999999993,7.224594649365991,0.0014520667766209606,0.0012906939942490874,-9.034120847027611e-06
5.35999999999993,7.237889985094027,0.001494791422956885,0.001368099383066393,-0.00021207078465748983
5.36999999999993,7.251363166980568,0.0015407506414338015,0.001452301943032415,-0.0004171054069272388
5.37999999999993,7.265011959794654,0.001589555895601991,0.0015430219201407777,-0.0006239102855404642
5.3899999999999295,7.278884432437567,0.0016403477231987566,0.0016427844805758439,-0.0008323797974793624
5.399999999999929,7.2930153141938545,0.0016928595691166717,0.0017505107392681949,-0.0010422061464611272
5.409999999999929,7.307401028489805,0.0017469755952519267,0.001863477416238801,-0.0012530405848482507
5.419999999999929,7.3220375654411605,0.0018022847530024648,0.0019805328378202816,-0.0014646400176930923
5.429999999999929,7.336922863201866,0.0018584521966124715,0.002100448258332038,-0.00167678000602523
5.4399999999999284,7.352056096721794,0.001915107684253213,0.002222139864660769,-0.0018892596677033016
5.449999999999928,7.367436759569332,0.001971802625862299,0.002344528859926408,-0.0021018964671202915
5.459999999999928,7.383064144701057,0.002028088732127566,0.0024665083220673655,-0.002314526357450805
5.469999999999928,7.3989371485100675,0.0020835323034222547,0.002586966878828526,-0.0025270052696744535
5.479999999999928,7.415054234589147,0.002137720796014573,0.002704861996888436,-0.002739209878518732
5.489999999999927,7.431413452550515,0.0021902672256937576,0.0028193129467071996,-0.0029510360068486416
5.499999999999927,7.448012464942193,0.0022408134889874056,0.0029294302912283407,-0.0031623947282544886
5.509999999999927,7.464848569806652,0.0022890328164588965,0.003034349420647041,-0.003373212323634219
5.519999999999927,7.481918719284128,0.002334631387886593,0.003133286856096193,-0.0035834290471508804
5.5299999999999265,7.499219534780226,0.0023773491781711835,0.003225548505608293,-0.0037929967660214736
5.539999999999926,7.516747319481307,0.002416960087182948,0.0033105319278004136,-0.004001876401421592
5.549999999999926,7.534498069120171,0.002453271428371315,0.003387725073436057,-0.00421003542147332
5.559999999999926,7.552467481555766,0.0024861228731317296,0.003456702478772563,-0.0044174454923646715
5.569999999999926,7.570650965521974,0.0025153849532560998,0.0035171196149579058,-0.004624080346003592
5.5799999999999255,7.589043648802878,0.0025409572165989067,0.003568705969774782,-0.004829913905922505
5.589999999999925,7.607640386053464,0.00256276612675668,0.0036112573345271513,-0.005034918699839614
5.599999999999925,7.6264357664635325,0.002580762786527167,0.0036446276970173684,-0.005239064572021746
5.609999999999925,7.645424121445729,0.0025949205554173867,0.0036687210730353423,-0.0054423176938890915
5.619999999999925,7.664599532507067,0.0026052326220878143,0.0036834835731332375,-0.0056446398576677015
5.629999999999924,7.683955839438416,0.0026117095821602525,0.0036888959909117136,-0.00584598802507658
5.639999999999924,7.703486648926668,0.0026143770629127854,0.0036849672431746644,-0.006046314088219934
5.649999999999924,7.72318534366312,0.0026132734283862004,0.0036717291336877847,-0.006245564777870696
5.659999999999924,7.743045091985749,0.0026084475914175246,0.003649233254578901,-0.006443681613950634
5.6699999999999235,7.763058858050314,0.0025999569582585195,0.003617551693948052,-0.006640600703437531
5.679999999999923,7.7832194124678455,0.0025878655285239797,0.0035767855722542595,-0.006836251956077927
5.689999999999923,7.803519343241686,0.002572242197348412,0.003527093298424577,-0.007030556526466104
5.699999999999923,7.823951066606352,0.0025531594094497178,0.0034687875073694495,-0.0072234177994421
5.709999999999923,7.844506836612987,0.0025307143570695743,0.003410438536478587,-0.007414012404254605
5.7199999999999225,7.865178678759922,0.002505825049611437,0.0036493204344792865,-0.007575127283997996
5.729999999999922,7.885955669656267,0.0024782603837810967,0.004049028497958199,-0.007714885886934979
5.739999999999922,7.906822747408801,0.0024476696318819686,0.004448147043818505,-0.007846538395819563
5.749999999999922,7.9277637510420425,0.002414122369362065,0.00484370775329759,-0.007970550049259388
5.759999999999922,7.948763101320443,0.002377703078810783,0.005233151074792579,-0.008087404987593482
5.769999999999921,7.9698059036763045,0.0023385129577089716,0.005614263552159329,-0.008197379593973538
5.779999999999921,7.990877971619636,0.002296662955805474,0.00598504714457398,-0.008300669029326857
5.789999999999921,8.011965838912456,0.0022522643768428797,0.006343576016781679,-0.008397503112767154
5.799999999999921,8.033056783137303,0.0022054252850649044,0.006687891780319681,-0.008488174886160252
5.809999999999921,8.054138863633472,0.00215625073549892,0.007015944494961397,-0.00857303067682165
5.81999999999992,8.075200969760239,0.0021048451319331607,0.007325572600146431,-0.00865246174609611
5.82999999999992,8.096232873966745,0.002051317738972676,0.007614512265174693,-0.008726903449096964
5.83999999999992,8.117225284601068,0.0019957961983810284,0.007880427809617912,-0.0087968343626597
5.84999999999992,8.13816989418826,0.0019384660551838358,0.00812095682496816,-0.008862771061069646
5.8599999999999195,8.159059419409,0.0018797687274398843,0.008333765016918735,-0.008925259520536528
5.869999999999919,8.17988762819388,0.0019341014734748957,0.008516395273303978,-0.00898489625146521
5.879999999999919,8.200648515869617,0.002127696943607459,0.008666627147107633,-0.009042994455000607
5.889999999999919,8.221335131855266,0.0023146850310830757,0.008782786745849952,-0.009101154815809195
5.899999999999919,8.241940265846338,0.0024928887836471593,0.008863255518434823,-0.009159945163788643
5.909999999999918,8.262457539148201,0.002661005307433898,0.008906757831975974,-0.009219735715916137
5.919999999999918,8.282881362825444,0.0028185808200684383,0.008912423200767334,-0.009281330747199947
5.929999999999918,8.30320564950335,0.002965596920479983,0.008879801171408882,-0.009345285358173592
5.939999999999918,8.323426178242133,0.003102214597231951,0.008808875234892573,-0.009411786887516784
5.949999999999918,8.343539654942546,0.003228495679530733,0.008700096392612714,-0.00948124641392289
5.959999999999917,8.36354324546471,0.003344362403870733,0.008554367999364175,-0.009553810250825726
5.969999999999917,8.383434466205726,0.0034495865338614513,0.008373023731392882,-0.009629186559197159
5.979999999999917,8.403211075421009,0.003543782829318279,0.008157857028046445,-0.009707842538137454
5.989999999999917,8.422870963116676,0.0036264795028993525,0.007910964450377861,-0.009788255300742621
5.9999999999999165,8.442412038551183,0.003697076296832344,0.007634964447308346,-0.00987257855790357
6.009999999999916,8.461832117459483,0.0037550403738387562,0.007332242664365954,-0.00995129606063403
6.019999999999916,8.481128812452226,0.0037994805158313187,0.007007559921536748,-0.01005973061503163
6.029999999999916,8.500299430364265,0.0038306482970304526,0.006656046398877081,-0.010026314267967261
6.039999999999916,8.519340879204567,0.0038464460090816845,0.0062992131435588225,-0.01022630331281943
6.0499999999999154,8.538249587472993,0.0038477779773592098,0.0059276823831945795,-0.010388296453852435
6.059999999999915,8.557021442608063,0.0038332279782752627,0.005533878296645351,-0.010288473079837882
6.069999999999915,8.57565174168938,0.003803743845377391,0.005150157878740699,-0.010507599139924809
6.079999999999915,8.594135160378821,0.0037590939454735183,0.004763675499264529,-0.010705948738853367
6.089999999999915,8.612465742581373,0.003696123003299162,0.004362949051763898,-0.010587552752938986
6.099999999999914,8.63063690438017,0.003617974542187221,0.003972362255153432,-0.010567792685535296
6.109999999999914,8.648641454599385,0.0035288131694795983,0.0036058431104922656,-0.010851898113258221
6.119999999999914,8.666471631054147,0.003420965807542566,0.003234119465761078,-0.010799519410752538
6.129999999999914,8.68411915438027,0.003298479465272833,0.002876181072498433,-0.01073678977745648
6.1399999999999135,8.701575292756788,0.00316947957431219,0.0025519801570655937,-0.011005176918786785
6.149999999999913,8.718830936930862,0.003022648458438239,0.002230150817098951,-0.010943083932076466
6.159999999999913,8.73587668001031,0.0028639346389579302,0.0019273720896083213,-0.01085310214751283
6.169999999999913,8.752702900338766,0.0027042798355654176,0.0016629511558637526,-0.011090549914491165
6.179999999999913,8.769299846907751,0.002528507244169266,0.0014039562359106491,-0.010985397831504302
6.1899999999999125,8.785657719671995,0.002345317863822619,0.001167039216350757,-0.0108658433081077
6.199999999999912,8.801766746082034,0.002167477833301778,0.0009690885810875001,-0.011067360737856292
6.209999999999912,8.817617253512342,0.0019759602427541134,0.0007762677566189662,-0.010917769204245977
6.219999999999912,8.833199729757071,0.0017817861670321696,0.0006049709733968718,-0.010762621423269999
6.229999999999912,8.848504879126397,0.0015991409635157984,0.000470149541648395,-0.010920192312472344
6.239999999999911,8.863523671017488,0.0014057981832391595,0.00033872287812468523,-0.010734734357303755
6.249999999999911,8.878247374460383,0.0012138152271976347,0.0002247465449287672,-0.010546122120099713
6.259999999999911,8.892667584985922,0.0010373346416486262,0.0001357383709436742,-0.010622652504917653
6.269999999999911,8.906776195755953,0.0008549860593113078,5.0502720797193916e-05,-0.010428784054848667
6.2799999999999105,8.920565409457202,0.0006767390053364658,-1.9875904364529426e-05,-0.01022441514871718
6.28999999999991,8.934027817804042,0.0005099565938949759,-7.336353511416376e-05,-0.010080345276917424
6.29999999999991,8.947156400420747,0.00034908545281885415,-0.00011403302112330762,-0.009940777545073451
6.30999999999991,8.959944533442856,0.00019946343277606014,-0.0001448718689389925,-0.009772875315057987
6.31999999999991,8.97238596320672,4.473533638546223e-05,-0.00016554753996470174,-0.0096084253620908
6.3299999999999095,8.984474915387779,-4.3323161347923024e-05,-0.00017793591439969441,-0.00944763242664386
6.339999999999909,8.996205589257498,-0.000365603391356471,-0.00018092916307972456,-0.009279129852838887
6.349999999999909,9.00757429427239,0.001439429098561005,-0.0001960560886918895,-0.009107294858725407
6.359999999999909,9.018560238627154,-0.0013313128243773497,-0.000164085171895073,-0.00893451496477385
6.369999999999909,9.0291651497652,-0.001401700704913136,-0.00015324698548709867,-0.008748876341404054
6.379999999999908,9.03941248028501,0.0013519927672244899,-0.00016956150848708104,-0.008561434216683816
6.389999999999908,9.049273032242011,-0.001887951082736732,-0.00012081620042813203,-0.008374780310054635
6.399999999999908,9.058739306608105,0.0001561757538527442,-0.0001296587067738372,-0.008179830694141056
6.409999999999908,9.067822617830613,-0.0019351560411051522,-8.89276843930536e-05,-0.007978689612290703
6.419999999999908,9.076521521613849,-0.0015148097305123095,-7.887816180021033e-05,-0.007772193473025549
6.429999999999907,9.084843405761028,0.00013585581410689628,-8.598486564695944e-05,-0.00756555858980063
6.439999999999907,9.092767501000552,-0.0025486641875014353,-4.21371560321073e-05,-0.007354369297934585
6.449999999999907,9.100294242402178,-0.0001172969766490324,-6.118694223314954e-05,-0.007139075214379366
6.459999999999907,9.107433875956504,-0.0027841337526425037,-2.429441712148184e-05,-0.006919440045041323
6.4699999999999065,9.114180286668674,-0.00034978497786847707,-4.937418365476927e-05,-0.006697253182847756
6.479999999999906,9.120530457384342,-0.0009346558957684602,-4.208804561422073e-05,-0.006474466281967453
6.489999999999906,9.12647248702311,-0.0026241457099842568,-2.946147356391792e-05,-0.006246317963931611
6.499999999999906,9.132016874853294,-0.0011355941617861801,-5.4645210232710095e-05,-0.006014435363679839
6.509999999999906,9.13718822536446,-0.0007767469326881557,-7.584327805007865e-05,-0.00578340260391208
6.519999999999905,9.141916945722977,-0.004172263282405343,-6.404157888455342e-05,-0.005546416406221698
6.529999999999905,9.146288562018432,-0.0007152845875951534,-0.0001225136898933674,-0.005306126499937027
6.539999999999905,9.1503071727312,-0.0008247840116311228,-0.00015454594567367868,-0.005069237053653343
6.549999999999905,9.153649317582822,-0.00174596373211509,-0.00016829246728969555,-0.0048275441135950834
6.559999999999905,9.157415362755625,-0.0011806101395022094,-0.00025559457935452,-0.004588985081087867
6.569999999999904,9.152621910745307,-0.0047821871961783,0.0001332933800148673,-0.004286164711893069
6.579999999999904,9.160192648943319,-0.0008535455886980229,-0.0005588669739229399,-0.004110933154194579
6.589999999999904,9.1668323245064,-0.0008809507312700771,-0.0005843210239432266,-0.003855715529114165
6.599999999999904,9.156376016600953,-0.0012978432562218587,0.0001295112640055504,-0.003505764319958759
6.6099999999999035,9.164900559188222,-0.0019218856758235418,-0.0008260215096309873,-0.0033614003412078377
6.619999999999903,9.17323274714056,-0.0011584229207673748,-0.00087963904983137,-0.003098322248574597
6.629999999999903,9.161723503221694,-0.0016408746142172372,-0.0001384745845372587,-0.0027387811635207217
6.639999999999903,9.167830237888573,-0.0020196348170944795,-0.000982763062742256,-0.0025684262239518843
6.649999999999903,9.176634181855237,-0.0012905983811691256,-0.001122980588995108,-0.002308686590513444
6.659999999999902,9.164976733950596,-0.0016502484471819568,-0.000466675579086073,-0.001955884248800711
6.669999999999902,9.15798846025739,-0.0019476327731988495,-0.000748012641295976,-0.001711468158085975
6.679999999999902,9.169254264732642,-0.0014539196242951647,-0.0014108192211851453,-0.0015069925615925814
6.689999999999902,9.16386768959667,-0.0014886779435115296,-0.000971444295623007,-0.0011763074990083487
6.699999999999902,9.154075422695774,-0.0016245831791748936,-0.000993378791232835,-0.000897588880377266
6.709999999999901,9.164798903930329,-0.0014159651577362333,-0.0017577558931845215,-0.0006986466731000464
6.719999999999901,9.168646459602403,-0.00127163481197962,-0.0016572974610834829,-0.00040322094277594686
6.729999999999901,9.156898862605876,-0.0014974148127768427,-0.001369997292194045,-8.844938539719524e-05
6.739999999999901,9.150582089695828,-0.0015342760228038675,-0.001397524358938627,0.0001925845104613931
6.7499999999999005,9.160693950163559,-0.001192023095582353,-0.00224776927109068,0.00038897057456607705
6.7599999999999,9.1507312469638,-0.0013986801020604612,-0.0018485215284868752,0.0007152693888542151
6.7699999999999,9.140904573207145,-0.0013593530750343654,-0.0019298195019760596,0.0009915754547901296
6.7799999999999,9.151032859897454,-0.0010724692095716915,-0.0025707076942634607,0.0012123376852403841
6.7899999999999,9.141352700998732,-0.0012979809851729153,-0.005843958537980657,0.0011796577438607189
6.7999999999998995,9.130701441073038,-0.0012539357951118892,-0.0014652531542533836,0.0018928140848365842
6.809999999999899,9.139771006034639,-0.0009638993868283287,-0.0022313448797039643,0.0020998555979274483
6.819999999999899,9.129267111193668,-0.0012229963180933848,-0.0020698421740111867,0.0023938838236508483
6.829999999999899,9.118039504400198,-0.0011594528127201653,-0.00614330251094688,0.002302460595079212
6.839999999999899,9.125790067140784,-0.0008847847872551599,-0.0021173859963416032,0.0029515324586642344
6.849999999999898,9.11460916389402,-0.001143615873883511,-0.001917421116718135,0.0032429922700580997
6.859999999999898,9.102697808165178,-0.0010860972724084773,-0.00631782974802755,0.0031373081867254685
6.869999999999898,9.10616395656318,-0.0008703484097035265,-0.0019305077300896163,0.003790768365639918
6.879999999999898,9.095441163772374,-0.0010566391196225478,-0.002447608210372535,0.00401458019203108
6.8899999999998975,9.083643384367605,-0.0010154490314912496,-0.006465955380511013,0.003957274787339141
6.899999999999897,9.075446453825778,-0.0009743853430467284,-0.0014860344996493011,0.004627042800964055
6.909999999999897,9.067340507424237,-0.0009404385023844826,-0.006367920811830137,0.004509108434839807
6.919999999999897,9.057691042474247,-0.0009427521850105317,-0.0018585911281525315,0.005118736399217016
6.929999999999897,9.048563456378636,-0.0009032049079678507,-0.006214122883061023,0.005052590213822352
6.9399999999998965,9.0396969814493,-0.0008923181759385409,-0.0020360439300313765,0.005614410630065457
6.949999999999896,9.030278033375714,-0.0008717469696197602,-0.006566541070271488,0.005547046625380799
6.959999999999896,9.020703248098632,-0.0008685325553021644,-0.0021095809579073917,0.0061056208689274916
6.969999999999896,9.011048669973315,-0.0008454944898781557,-0.006570272856849155,0.006054041479668479
6.979999999999896,9.001132397090922,-0.0008390210656664223,-0.005317570732405628,0.006386045222231803
6.989999999999895,8.990903392123077,-0.0008334167346679809,-0.004315049722391678,0.006691173568480189
6.999999999999895,8.980433915644257,-0.0008251281289627613,-0.004424469014731983,0.006919900793252022
7.009999999999895,8.969741205367692,-0.0008148267159515315,-0.005564974853681955,0.007087045242116766
7.019999999999895,8.958778828696438,-0.0008195015323101875,-0.0012244444338121634,0.007554034512878872
7.0299999999998946,8.947603035811985,-0.0008003284836412413,-0.006172089061592692,0.007505175798493822
7.039999999999894,8.936215424898926,-0.0007951748372087997,-0.005775653350683247,0.007751705992360771
7.049999999999894,8.924516558301404,-0.0007924200113178478,-0.0049485643350462615,0.008012312453137032
7.059999999999894,8.912527018862816,-0.0007879375492370408,-0.0047684025093231875,0.008232438847145935
7.069999999999894,8.900286189925502,-0.0007834065613700916,-0.004517440345260226,0.00844875074788227
7.0799999999998935,8.887804390556887,-0.0007782799099161435,-0.004526012208823109,0.008647911568810477
7.089999999999893,8.875083876726398,-0.0007736161979001792,-0.004384104465180868,0.008848015493050181
7.099999999999893,8.862129056335846,-0.0007686988974871394,-0.004362660958680969,0.009037965996546512
7.109999999999893,8.848947077516684,-0.0007639499197901045,-0.004272125442682265,0.00922490616282451
7.119999999999893,8.83554442077085,-0.0007591087021838003,-0.004209955729920016,0.009405077559228706
7.129999999999892,8.821928175880362,-0.0007542652515443439,-0.004129180687204776,0.009579930840775908
7.139999999999892,8.80810541941866,-0.0007493658635243161,-0.004046233484983319,0.009748800562784909
7.149999999999892,8.79408369986459,-0.0007444109042786577,-0.003955501249844037,0.009911714247861254
7.159999999999892,8.779870851480155,-0.0007391861613332484,-0.003940825785480301,0.010066909809863661
7.169999999999892,8.765473473594385,-0.000732835623980676,-0.004353943581037291,0.010209377546190099
7.179999999999891,8.750888782228802,-0.0007262840997899907,-0.00482226928698295,0.010349180655297158
7.189999999999891,8.736104961291034,-0.0007196602369833814,-0.005273692563866456,0.010487801971263725
7.199999999999891,8.721110162666797,-0.0007128309875018434,-0.005706483628693561,0.010624672425194529
7.209999999999891,8.705894318966202,-0.0007056764112028629,-0.006123807551670963,0.010759420605460477
7.2199999999998905,8.69044861292122,-0.0006981197949571025,-0.006526977910613246,0.010892016763628953
7.22999999999989,8.674765026869808,-0.0006900960448503319,-0.006916178719236023,0.011022431136856126
7.23999999999989,8.65883624232324,-0.0006815402561097677,-0.007290682014272886,0.011150511488686857
7.24999999999989,8.64265569869758,-0.0006723965954425398,-0.0076490983884139494,0.011276074858918395
7.25999999999989,8.626217664041738,-0.0006626228353250532,-0.007989541023604371,0.011398949645323933
7.269999999999889,8.609500149659674,-0.0006521906377179261,-0.008308799109066652,0.011518904375825097
7.279999999999889,8.592433669956806,-0.0006410394358406259,-0.008601700224283013,0.0116356002665495
7.289999999999889,8.575008361969733,-0.000629071310620175,-0.008868573441773995,0.01174873088522735
7.299999999999889,8.557224414037655,-0.0006162730951855942,-0.009107062852605168,0.011857945190145896
7.309999999999889,8.539081462946548,-0.0006026522275056663,-0.009315147474558687,0.011962852053178945
7.319999999999888,8.520578717337465,-0.0005882240099343885,-0.009490318064721287,0.012062991968989197
7.329999999999888,8.501716199392824,-0.0005730182614318103,-0.009630101084262134,0.012157947901918681
7.339999999999888,8.482495619395431,-0.0005570564951618907,-0.009732348005852074,0.012247080710310328
7.349999999999888,8.462920781626726,-0.000540414085707167,-0.009795334547186148,0.01233026747160711
7.3599999999998875,8.442997713026367,-0.0005229984346046314,-0.009817834741271514,0.012405252709565872
7.369999999999887,8.422734664923333,-0.0005057955217433134,-0.009798995911265655,0.012482847174035723
7.379999999999887,8.402142058527163,-0.00047944700274359667,-0.009739975581841306,0.012445545414143553
7.389999999999887,8.38123239787954,-0.00046944371991821754,-0.009637379197931522,0.012608491418534566
7.399999999999887,8.360020153497448,-0.00045276477684006057,-0.009495423848109285,0.012685399207457761
7.4099999999998865,8.338521615915429,-0.00042090148471158706,-0.00931741885558766,0.012561460187880819
7.419999999999886,8.316754726444152,-0.000413755910115195,-0.009097847914300444,0.012753305367375966
7.429999999999886,8.29473887983323,-0.0004010138162683363,-0.00884443214868479,0.012871329590815878
7.439999999999886,8.27249470622899,-0.0003669445157584831,-0.008563910474730341,0.012695025357929882
7.449999999999886,8.25004384542095,-0.00034601295562741274,-0.008251740694256568,0.012687678266287368
7.459999999999885,8.227408708302493,-0.0003392188193211488,-0.007910202799463504,0.012872595933427076
7.469999999999885,8.204612232593947,-0.0003089815150296281,-0.00755291668755821,0.012707543984704552
7.479999999999885,8.18167764555989,-0.00028340630730206475,-0.007176317324287678,0.012591137223732472
7.489999999999885,8.158628235634938,-0.0002793784700255397,-0.0067781310676680384,0.012788294244841592
7.4999999999998845,8.135487130736482,-0.0002548868916204087,-0.006375591459818475,0.012649848881896832
7.509999999999884,8.112277096481588,-0.000230804367323573,-0.005966118766725242,0.012491375729947744
7.519999999999884,8.089020356700114,-0.00022784035473425883,-0.005544756079389788,0.012663671078942096
7.529999999999884,8.065738429138005,-0.00020660125500265622,-0.0051305214601406685,0.012500819398809206
7.539999999999884,8.042451987677092,-0.00018628465609712324,-0.004719663501955872,0.0123201943734269
7.5499999999998835,8.019180752147383,-0.00018518707626516987,-0.004305958520825543,0.012467700611641335
7.559999999999883,7.995943395659107,-0.00016751990042791038,-0.003909827609886711,0.012271089075942147
7.569999999999883,7.972757479230756,-0.00015170907651052505,-0.0035255080376136315,0.012069516430488115
7.579999999999883,7.949639413012504,-0.00015305847549223478,-0.003145574746660754,0.012192826912474062
7.589999999999883,7.92660443281337,-0.0001398904315217377,-0.0027914742828314535,0.01196954679093916
7.599999999999882,7.903666600331806,-0.00012894545875697102,-0.0024554795619068635,0.01174773980337642
7.609999999999882,7.880838825101089,-0.00013277878730580134,-0.0021288528441842716,0.011841769913393951
7.619999999999882,7.858132896487224,-0.00012473205464239094,-0.0018331961849603752,0.011602920878132694
7.629999999999882,7.835559532963447,-0.00011884191432029944,-0.0015593144013652833,0.011366392069649591
7.6399999999998816,7.813128445958709,-0.00012348567892250134,-0.001298847057255448,0.011381749793037646
7.649999999999881,7.790848407246232,-0.00012140047288954197,-0.0010687423404141796,0.011158863364506985
7.659999999999881,7.768727325944138,-0.00012114080577751904,-0.0008614476615280351,0.010929596877326682
7.669999999999881,7.746772329686638,-0.00012519465705914705,-0.0006736199052153402,0.010767145425661082
7.679999999999881,7.724989840769827,-0.00013156349981506793,-0.0005070265732155976,0.01060694928355827
7.6899999999998805,7.703385654311188,-0.00013974497716171937,-0.0003619128402352948,0.010425858724917973
7.69999999999988,7.681965015335166,-0.00015062663257657286,-0.00023612280048830684,0.010256234150316443
7.70999999999988,7.660732692782919,-0.00016410373358605735,-0.000128708537113804,0.010093895899734024
7.71999999999988,7.639693049476156,-0.00017994913771405776,-3.902463046595231e-05,0.00992608416592097
7.72999999999988,7.618850107101552,-0.0001983143424967444,3.4382565722963386e-05,0.009757835110141649
7.739999999999879,7.598207605527896,-0.0002192476559671677,9.291136289115717e-05,0.009590623072244607
7.749999999999879,7.577769056359153,-0.00024271960937433598,0.00013781243474448983,0.009421576116663812
7.759999999999879,7.55753779080156,-0.00026873296893973524,0.00017048757871206238,0.009250349635344237
7.769999999999879,7.537517002068226,-0.0002972794344590643,0.0001924989289994729,0.009077301996129414
7.779999999999879,7.517709783001386,-0.0003283179852536869,0.00020286441234725872,0.008902441141776135
7.789999999999878,7.498119157341555,-0.0003617851187515552,0.00019719533094070092,0.008726449415453566
7.799999999999878,7.478748111243331,-0.0003976155046285614,0.00018551666480290838,0.008547719591874146
7.809999999999878,7.459599673844857,-0.0004357056556038827,0.00016916539636082574,0.00836609965863535
7.819999999999878,7.4406759482633635,-0.0004758963851722743,0.00014918898863342184,0.008181445363223945
7.8299999999998775,7.4219791554140295,-0.0005180292527033768,0.0001266816273986852,0.007993631370124684
7.839999999999877,7.403512516322152,-0.0005619471332182298,0.0001027247480521762,0.007802545683152104
7.849999999999877,7.3852792439659085,-0.0006074644861234312,7.832068949090257e-05,0.007608083471409746
7.859999999999877,7.367282552582278,-0.0006543770513896406,5.440996691112045e-05,0.007410144161065581
7.869999999999877,7.349525667624397,-0.0007024390536388157,3.186744316915744e-05,0.007208634108744445
7.879999999999876,7.332011838440759,-0.0007514002770418034,1.1499902666803276e-05,0.007003466726956215
7.889999999999876,7.3147443478329155,-0.0008009965020616844,-5.956288952502112e-06,0.006794562572115292
7.899999999999876,7.2977265168343735,-0.0008509592833940102,-1.9837128883488442e-05,0.006581850376014256
7.909999999999876,7.280961705407944,-0.0009010152003603028,-2.9552676140351625e-05,0.0063652685081609164
7.919999999999876,7.264453310225041,-0.0009508917094764556,-3.4588375388179906e-05,0.0061447666034208
7.929999999999875,7.248204760594923,-0.0010003178625584016,-3.4506052207204446e-05,0.005920307266216183
7.939999999999875,7.232219513278999,-0.0010490294309124656,-2.8944495792781653e-05,0.005691867822115646
7.949999999999875,7.216501046648992,-0.0010967687674495528,-1.761969741796704e-05,0.005459442038637339
7.959999999999875,7.201052854458647,-0.0011432907752749982,-3.246633035805242e-07,0.005223041757908787
7.9699999999998745,7.185878439379816,-0.0011883584616849546,2.307104191415297e-05,0.004982698358493884
7.979999999999874,7.17098130644293,-0.001231756903267312,5.262224386751215e-05,0.004738463942393957
7.989999999999874,7.156364956422361,-0.0012732640818279737,8.830898600265596e-05,0.004490411851070718
7.999999999999874,7.142032879454095,-0.0013127495132742202,0.00013002294654046277,0.0042383766623174945
8.009999999999874,7.127988548396131,-0.0013498447740029492,0.00017754974764040699,0.003981695050721987
8.019999999999873,7.114235414630631,-0.0013855651687550614,0.00023067506505365076,0.0037206102166842505
8.029999999999873,7.1007768927228305,-0.0014111917149412314,0.0002890220190544586,0.0034554746772628006
8.039999999999873,7.087616433140589,-0.0015331927243058998,0.0003533528057586575,0.00318635156526106
8.049999999999873,7.0747564834554675,-0.0010147565079566968,0.000415245801352654,0.0029147389460686883
8.059999999999873,7.062205137159986,-0.003505514676015822,0.0005120903594587041,0.002636175388201464
8.069999999999872,7.049945399379511,-0.00011219751916276406,0.0005507669880175238,0.002352489181552796
8.079999999999872,7.037989583436887,0.00036908789687112244,0.0006205400252963407,0.0020828788672704757
8.089999999999872,7.026384304292364,-0.004862892062694061,0.0007589543404788971,0.0017994229222778112
8.099999999999872,7.015083421407502,0.00024677824975599465,0.0007869821068161545,0.0015039103170081804
8.109999999999872,7.004085021556413,-0.0002705074759713992,0.0008753846287324609,0.0012271335299257912
8.119999999999871,6.993443364403244,-0.00456689115862613,0.001003198430762627,0.0009380906700037758
8.129999999999871,6.983112242977967,0.0005403152686537469,0.0010303525690057804,0.000641849160992304
8.139999999999871,6.973099602616245,-0.004085632770918469,0.0011585608505286808,0.0003551910288706889
8.14999999999987,6.963415822171368,0.0005057804594991661,0.001188638321910837,6.1534431317284e-05
8.15999999999987,6.954063994676071,-0.0038118700510713145,0.0013047717293971992,-0.00022242244665852858
8.16999999999987,6.945050730745797,-0.0024282378210680033,0.0013614710403766354,-0.0005211661800017996
8.17999999999987,6.936346595760891,-0.0021253614732873113,0.0014194540908816643,-0.0008114032157158196
8.18999999999987,6.927971653381638,0.001313182628497835,0.0014436451438890976,-0.0010897586485773274
8.19999999999987,6.919972576893308,-0.003743368438977395,0.001581341856168497,-0.001371233566899114
8.20999999999987,6.91233668374725,-0.0028046480323092294,0.0016736026433670423,-0.0016767693808372487
8.21999999999987,6.905015689319851,-0.0015811414510357345,0.0017751202190734545,-0.001978452211074344
8.229999999999869,6.898032156010041,-0.002052140207212313,0.001912693098039813,-0.0022779023985164118
8.239999999999869,6.891403383247869,-0.0012639302515793707,0.002051072091774476,-0.0025786027427347783
8.249999999999869,6.885133659225854,-0.0019955167502280994,0.002224101161044781,-0.0028806480348044063
8.259999999999868,6.879220757829723,-0.0016497836772376945,0.002394223766481796,-0.0031850727237331816
8.269999999999868,6.8736585420113,-0.001469180340642495,0.0025752908676178587,-0.003487553772681997
8.279999999999868,6.868451678437155,-0.002057474481846223,0.0027757011227180586,-0.003790522916484727
8.289999999999868,6.863596201453978,-0.0011876318494616882,0.0029553146261910124,-0.004089393630039141
8.299999999999867,6.859091267082074,-0.0021453585673048598,0.0031668214152362002,-0.0043865304125874855
8.309999999999867,6.854934648244849,-0.0014624808948358243,0.003347324309586593,-0.0046788942661177245
8.319999999999867,6.851120013522387,-0.0018566408777356946,0.0035415759993402025,-0.004966045769528004
8.329999999999867,6.847647156829744,-0.0016040615764030982,0.0037167276324063594,-0.005246886808056429
8.339999999999867,6.844513311732652,-0.0016885094066947902,0.0038887043922990615,-0.005520923977785898
8.349999999999866,6.841714126053572,-0.0016174712738771515,0.004046520330182801,-0.005787534884214711
8.359999999999866,6.8392477205960125,-0.0016066585406392258,0.004193357327898196,-0.00604640511674335
8.369999999999866,6.83711055869938,-0.0015702083478966932,0.004327014790554036,-0.006297275709475315
8.379999999999866,6.835299236500341,-0.0015374012876807725,0.004447719867529268,-0.006539966301971345
8.389999999999866,6.833811690956295,-0.00149889011672402,0.004555008173225092,-0.006774327631704321
8.399999999999865,6.832644087503159,-0.0014573848259644415,0.004648542419372923,-0.007000214724843154
8.409999999999865,6.831794229413353,-0.0014123197496146767,0.004728427868451308,-0.007217616218611137
8.419999999999865,6.831260748235337,-0.0013640920926931356,0.004794857537075004,-0.007426554859855461
8.429999999999865,6.831035578410383,-0.0013126532565586515,0.00484738849908154,-0.007626942437665273
8.439999999999864,6.831136823821205,-0.001259239867058285,0.004889019374852151,-0.00781940450325353
8.449999999999864,6.831483390135039,-0.0012004586901020408,0.004910018548150284,-0.008002038526617971
8.459999999999864,6.832556835021058,-0.0011569006024855493,0.004968770828236552,-0.008186240634721351
8.469999999999864,6.8320551893590045,-0.0010328854904369405,0.004778712791539944,-0.008317255797834556
8.479999999999864,6.841160538519209,-0.001281285420799782,0.005735944725966103,-0.008656862506172475
8.489999999999863,6.836474005002366,-0.0007816071781675397,0.004262667200700217,-0.008539810243436478
8.499999999999863,6.833011683641886,-0.000769491017314539,0.004357955457481747,-0.008711523137994316
8.509999999999863,6.846665624637888,-0.00107277547941882,0.006001300399304956,-0.009144699133537926
8.519999999999863,6.841674786140338,-0.0005737739730014072,0.003977383072647828,-0.008931561505137055
8.529999999999863,6.836316519322635,-0.0005574890410951718,0.003944792725931395,-0.009065281911629475
8.539999999999862,6.8506548233684965,-0.0008506832642540781,0.005814627486180781,-0.009499691449517724
8.549999999999862,6.85966875845845,-0.0006966083716662652,0.005152341291072445,-0.009507061733465985
8.559999999999862,6.8505390112396,-0.000334871185272304,0.0033381480476421957,-0.009341912256883144
8.569999999999862,6.859220250957026,-0.0005674905515837764,0.005043045110851757,-0.009714043053545772
8.579999999999862,6.8706701627586355,-0.0004991024849326286,0.0050224308048129425,-0.009810644658446926
8.589999999999861,6.861481359962709,-0.00017159464269892022,0.002915033378603802,-0.00961123483228517
8.599999999999861,6.859475835728083,-0.00022902297876872815,0.0035388599035882113,-0.009800497171347773
8.60999999999986,6.873154677004073,-0.0003562782463984077,0.004770464726485315,-0.010052899865621795
8.61999999999986,6.880826724931239,-0.0002548678709503273,0.004206611268568515,-0.010054409511038163
8.62999999999986,6.872290370920468,-1.0562849789894707e-06,0.002794096413788303,-0.009958598187009882
8.63999999999986,6.884013537712552,-0.0002096915233828649,0.0044009575451754495,-0.01022373978707732
8.64999999999986,6.895355625888466,-0.00010356429581204519,0.004013413626401633,-0.010239525027723767
8.65999999999986,6.886413530956295,0.0002515887159220088,0.002611902005194274,-0.010142627173855744
8.66999999999986,6.897458277878487,4.225659334798138e-05,0.0037736428292543325,-0.01032337268748564
8.67999999999986,6.909404726788488,0.0001584412384852499,0.0034774459545418987,-0.010339860640716915
8.68999999999986,6.901170703669333,0.0005549439376836062,0.00758620580597341,-0.010718671878232664
8.699999999999859,6.912669630977594,0.00034469857016947495,0.001945165060181759,-0.010254770634366962
8.709999999999859,6.924815702426341,0.00047710789489674,0.0016098727022263253,-0.010263327152048005
8.719999999999859,6.91749694820479,0.000844617044767953,0.0009093847996844695,-0.010285041607573025
8.729999999999858,6.929526359280584,0.0007025824916885465,0.0019825962284388773,-0.010202748458226612
8.739999999999858,6.942307086855245,0.0008207918508930009,0.002434708576949224,-0.010352248512739566
8.749999999999858,6.937832793863027,0.0011477972468344872,0.008303983498131665,-0.010773841403610797
8.759999999999858,6.949586565684177,0.0010466378320419807,0.0012473778863888434,-0.010140879360629457
8.769999999999857,6.962222401317606,0.0011488685312343921,0.002013827494315943,-0.010309534840554774
8.779999999999857,6.97065376927057,0.0012974343760028357,0.009561714123743428,-0.010733159161554139
8.789999999999857,6.9787021178015,0.0013950359002768188,0.0013585258227462153,-0.010147674630297952
8.799999999999857,6.98842158814979,0.0014648345331733147,0.002627983856715447,-0.010275981857980478
8.809999999999857,6.9974046430652095,0.0015585734446548166,0.008675479876940121,-0.010541618377965065
8.819999999999856,7.005821539579166,0.0016468719485322218,0.0024073330421367748,-0.010126311549037214
8.829999999999856,7.014670842302306,0.001729098378294748,0.0036058305246071277,-0.010013101210224536
8.839999999999856,7.023550304949178,0.0017788861270084419,0.008718966354059334,-0.010214035141069005
8.849999999999856,7.032240826617958,0.0018055842220374566,0.0029722861581768724,-0.010163786998986433
8.859999999999856,7.040950844360721,0.0018899035615816016,0.007995951578207884,-0.009909673780124632
8.869999999999855,7.049718975947497,0.001895150946075921,0.0030044468956192684,-0.009977027521122107
8.879999999999855,7.058491684420931,0.0019318338092262697,0.007838492771108518,-0.009922381035947619
8.889999999999855,7.067286747864502,0.0019635098124399456,0.003499992069068085,-0.009713074277642363
8.899999999999855,7.0761124388058505,0.0020025287613297683,0.007211758494237383,-0.009464161752699691
8.909999999999854,7.084979927282132,0.0019857043715981494,0.006866970422681629,-0.009568696718510572
8.919999999999854,7.093824253679063,0.00199201176537142,0.0016880117485498325,-0.009480966917718747
8.929999999999854,7.102752865296805,0.0020198148448139215,0.007075058012343396,-0.009103076953226279
8.939999999999854,7.111781854247748,0.001985682840070385,0.006443387056455255,-0.009223691248914756
8.949999999999854,7.120799516330345,0.0019761531263452177,0.0011551344693741111,-0.009215558878790676
8.959999999999853,7.129915445749806,0.001988819453591164,0.006356744618640479,-0.008767731578012826
8.969999999999853,7.139154521522696,0.0019443565468629852,0.005755126817155072,-0.008888135689664563
8.979999999999853,7.14841555642939,0.0019349505226124017,0.004605366721312154,-0.00870305335533419
8.989999999999853,7.157724555470726,0.001922307808619715,0.003891321647174699,-0.008519447427950117
8.999999999999853,7.167131173058527,0.0018746082884393948,0.0035885321237382334,-0.0086118272973984
9.009999999999852,7.176656376286131,0.0018574107704606327,0.0030143414216107743,-0.008428272463972803
9.019999999999852,7.18631136779979,0.0018394046134217136,0.0027906603186483156,-0.008223377108528636
9.029999999999852,7.196107243731831,0.0018104769468394652,0.002315804276165104,-0.008114778976503223
9.039999999999852,7.206054626492415,0.0017788238167479,0.0020027795913437623,-0.00801032792141304
9.049999999999851,7.216165726091116,0.001749103878960483,0.0016127029430247752,-0.00788470961473363
9.059999999999851,7.2264508081154295,0.001717448213655025,0.001261474779445433,-0.007769708858514168
9.069999999999851,7.236920017532977,0.001683961989668176,0.000908257653083903,-0.007669056328074681
9.07999999999985,7.247582322207094,0.0016508026458427786,0.0005697629062580426,-0.007562726898565921
9.08999999999985,7.2584458472791855,0.0016176274583934098,0.00024530372269420276,-0.0074556473822755195
9.09999999999985,7.269517651403938,0.0015842590099815407,-6.140579995101005e-05,-0.007350119452085589
9.10999999999985,7.2808036902089075,0.0015511094099427496,-0.0003482789408282955,-0.007242317141062389
9.11999999999985,7.2923087593420215,0.0015183052579959746,-0.000613409849377777,-0.00713096056344853
9.12999999999985,7.304036476294199,0.0014858068586693913,-0.000855385927527035,-0.007016173767979589
9.13999999999985,7.315989292026785,0.0014536320259885469,-0.0010733145134790988,-0.0068972586457604216
9.14999999999985,7.328168553411499,0.0014217871636859484,-0.001266789482125675,-0.006773486666321182
9.15999999999985,7.340586559619982,0.0013904914154512945,-0.0014353600096985795,-0.006644448422628561
9.169999999999849,7.3532986522060275,0.0013607108748157012,-0.001577898312945987,-0.006509696635490662
9.179999999999849,7.366311156026138,0.001331474826274094,-0.0016970303943247703,-0.00636927645815214
9.189999999999849,7.379620417605286,0.00130260107224876,-0.0017941273920239907,-0.006223135533797657
9.199999999999848,7.39322376217216,0.001273969045573662,-0.0018707657006062615,-0.006071318911923192
9.209999999999848,7.407119666723541,0.0012455169719658554,-0.0019390393992308305,-0.0059154927146311395
9.219999999999848,7.421306947919444,0.001222710982173716,-0.002017075968307753,-0.0057584719841788515
9.229999999999848,7.435784425202947,0.0013271969856930913,-0.002102862457369467,-0.005600287811798734
9.239999999999847,7.450549880670511,0.00148313865255895,-0.0021940694389772906,-0.005441704174295658
9.249999999999847,7.465599410232366,0.0016329382115543793,-0.0022881977487964745,-0.005282863444093509
9.259999999999847,7.4809282173131955,0.001775445157130252,-0.002382590453829675,-0.005123316228650976
9.269999999999847,7.496531024124521,0.001909996081822909,-0.0024746960498194196,-0.004962642920281666
9.279999999999847,7.512402047643226,0.0020364650728997764,-0.0025621813814574582,-0.004800507002843957
9.289999999999846,7.528534950348708,0.002154997026541248,-0.0026430104630316537,-0.004636595638547264
9.299999999999846,7.544922803240681,0.0022658032884760996,-0.002715491932026347,-0.004470614863623466
9.309999999999846,7.561558069442027,0.002369054363694,-0.002778297200724012,-0.004302309799331151
9.319999999999846,7.578432606983338,0.0024648374469887434,-0.0028304565117879305,-0.004131478131224965
9.329999999999846,7.595537687441451,0.0025531483536463317,-0.0028713392329439242,-0.003957974527770102
9.339999999999845,7.612864027406112,0.00263389939186241,-0.0029006237051370687,-0.0037817109382139295
9.349999999999845,7.630401830305249,0.002706933766773067,-0.0029182610788337873,-0.003602654781849554
9.359999999999845,7.648140836490825,0.0027720542639449518,-0.0029244484369726318,-0.00342059079951326
9.369999999999845,7.666070379698254,0.00282903838151734,-0.0029195910920015587,-0.0032351019671162376
9.379999999999844,7.68417944813661,0.0028776092023833875,-0.002904220489384955,-0.003046431052076419
9.389999999999844,7.702456748612574,0.002917484459009141,-0.0028789893483844708,-0.002854874309858508
9.399999999999844,7.720890772221285,0.0029483963226427648,-0.0028446456010103047,-0.002660688109566372
9.409999999999844,7.739469860249624,0.0029701019326890616,-0.002802002017431321,-0.0024641272287905516
9.419999999999844,7.758182269086507,0.0029823933416865743,-0.002751909451293181,-0.002265470899256722
9.429999999999843,7.777016233082839,0.00298510760177995,-0.0026952342438422545,-0.0020650234327060815
9.439999999999843,7.795960024436246,0.0029781361312125605,-0.0026328365953398954,-0.0018631029931363246
9.449999999999843,7.815002009286015,0.0029614325329701116,-0.002565616159696094,-0.001660047241175601
9.459999999999843,7.834130699760461,0.0029350188324611614,-0.0024947212805712434,-0.001456254767618135
9.469999999999843,7.8533348032495445,0.0028989900270148237,-0.0024208571053862997,-0.0012520383935283419
9.479999999999842,7.872603265003489,0.002853517252425915,-0.0023446720228333592,-0.0010477024568590887
9.489999999999842,7.891925302050302,0.002798848945500271,-0.0022667713872130684,-0.000843543766239113
9.499999999999842,7.911290431435284,0.002735310288239602,-0.002187711103361596,-0.0006398485936017088
9.509999999999842,7.930688492930687,0.0026633009178347322,-0.0021079949421601717,-0.000436890575757581
9.519999999999841,7.950109666212952,0.0025832910064150652,-0.002028073340237668,-0.0002349290961395974
9.529999999999841,7.9695444825910915,0.0024958157621511132,-0.0019483432579797846,-3.420810499093753e-05
9.539999999999841,7.98898383147157,0.002401468443669928,-0.0018691489220736789,0.00016504464167968317
9.54999999999984,8.008418961841928,0.0023008920965000733,-0.0017907833206282022,0.00036261795695645085
9.55999999999984,8.027841479142303,0.0021947702212534023,-0.0017134903262627412,0.0005583172515158418
9.56999999999984,8.04724333796339,0.0020838166551414147,-0.0016374673175305365,0.0007519642606714745
9.57999999999984,8.066616831064021,0.0019687649668098392,-0.0015628681691211837,0.0009433965178444582
9.58999999999984,8.085954575237706,0.0018503576999093553,-0.0014898064724623405,0.0011324666267942879
9.59999999999984,8.105249494578182,0.0017293357722083125,-0.0014183588107831288,0.0013190413941875402
9.60999999999984,8.124494801699798,0.0016064284403107378,-0.001348567763726657,0.0015030009149626668
9.61999999999984,8.143683977459503,0.00148234398797154,-0.0012804435249398505,0.0016842378638243977
9.62999999999984,8.162810749704455,0.0013577616223471906,-0.0012139574189703969,0.0018626583918407197
9.639999999999839,8.18186907152502,0.0012333251654780132,-0.0011494345641318198,0.002038100767196805
9.649999999999839,8.200853100459264,0.0011096360570645725,-0.0010866239087475595,0.002210528064972143
9.659999999999838,8.219757177344652,0.0009872502892354102,-0.001025233437932823,0.0023799147106509937
9.669999999999838,8.238575804816616,0.0008666764217625644,-0.0009652143064415184,0.0025461879816845146
9.679999999999838,8.257303628780988,0.0007483709115694985,-0.0009064924726196532,0.002709283641533794
9.689999999999838,8.275935424826718,0.0006327457227926985,-0.0008489822060847874,0.0028691429008807514
9.699999999999838,8.294466099273428,0.0005200795858648185,-0.0007925908318781089,0.0030257109173955545
9.709999999999837,8.312890378903377,0.0004119400442197649,-0.0007372204920433398,0.003178936490057627
9.719999999999837,8.331202208505164,0.000298246330516845,-0.0006828078773743958,0.0033287571199046833
9.729999999999837,8.34939681624347,0.0009296257467918918,-0.0006272937232929847,0.0034755500323635064
9.739999999999837,8.367462330377904,-0.0006792899455583023,-0.0005785391858293441,0.0036138742284834084
9.749999999999837,8.385401532374832,-0.0010571177828428726,-0.000526978653552573,0.0037571147064287347
9.759999999999836,8.403227434932418,0.0015751218222397917,-0.0004684892080307748,0.0039008694503406285
9.769999999999836,8.420911674481408,0.0014474346178638376,-0.00041758811112589455,0.004023078361959677
9.779999999999836,8.438422926806767,-0.002479575838456423,-0.00037678753785909435,0.004139312836824251
9.789999999999836,8.455793605704168,0.0008674438982802118,-0.00031692743244485645,0.004281244132791845
9.799999999999836,8.473024594384283,-0.00218615320210095,-0.0002738982154610024,0.0043974054071142365
9.809999999999835,8.490106245788713,0.0007775612849786386,-0.00021609593143273487,0.004516937896565011
9.819999999999835,8.507032851144178,-0.0017815949472940672,-0.00017161912271509335,0.004629406966637145
9.829999999999835,8.52379375413018,8.731841097341477e-05,-0.00011744232203603615,0.004742100940458417
9.839999999999835,8.540389236000395,-0.0003904803563631478,-6.865381289057241e-05,0.004847304051215535
9.849999999999834,8.556800741109463,-0.0020816914521009228,-2.1803993294416127e-05,0.0049431846724963075
9.859999999999834,8.57304162389906,-0.0006662738609835526,3.044203363099273e-05,0.0050525731340491835
9.869999999999834,8.589109004237926,-0.0002235085341142629,8.03605802891577e-05,0.005145975973550204
9.879999999999834,8.604980303354981,-0.0030685286358219117,0.00012691588764494852,0.0052202183318145355
9.889999999999834,8.62066976798347,-0.0002322702472807312,0.00017885519456684488,0.00533308708745466
9.899999999999833,8.636172275460812,-0.00042883143540904716,0.00022772082640183425,0.0054057424882800065
9.909999999999833,8.651458978053531,-0.0010292051519599512,0.00028213740315722073,0.0053332777622949615
9.919999999999833,8.666530420093547,-0.001009028865196537,0.0003269946578707025,0.005496748072291642
9.929999999999833,8.681386736168761,-0.0013101821580205988,0.0003720504495783631,0.005638943831473758
9.939999999999833,8.696025134422149,-0.001058383229035339,0.0004287360857995971,0.005485006437963539
9.949999999999832,8.710440465792741,-0.0013398475123350708,0.0004710401647801561,0.005669199671298733
9.959999999999832,8.724627120815839,-0.0011218345068633314,0.0005133311735997279,0.0058397768536547125
9.969999999999832,8.738579816582076,-0.0012773958336989907,0.0005675433964240343,0.005676905039675901
9.979999999999832,8.752292439928052,-0.0011861356747111264,0.0006079000856736885,0.0058522932295670405
9.989999999999831,8.765759982590017,-0.0012418726535953044,0.0006475814830049501,0.0060172502298427
9.999999999999831,8.778976693254727,-0.0012146038813239956,0.0006984134169998832,0.005846129521619767
10.009999999999831,8.791937387896452,-0.001223680178607293,0.0007356935282717427,0.00601017921796191
10.01999999999983,8.804636579270122,-0.0012240502814624813,0.0007753726706642618,0.006164718434752466
10.02999999999983,8.817068936355271,-0.0012133627534682235,0.0008308967797033337,0.0059812084573721775
10.03999999999983,8.829229158683473,-0.001213267487232302,0.0008788419011542417,0.006131120012883968
10.04999999999983,8.84111205703937,-0.0012119465379464458,0.0009311939973719104,0.006275433233842018
10.05999999999983,8.852712560571781,-0.0011986547604944694,0.000999230129050481,0.0060806962192320405
10.06999999999983,8.864025728268388,-0.0011956901459014983,0.0010607740803128757,0.006208577186254221
10.07999999999983,8.875046764995165,-0.001193049868467557,0.0011263048715105682,0.006344918743143059
10.08999999999983,8.885771030189263,-0.001177287291262383,0.0012069008299842637,0.006141497063318647
10.09999999999983,8.89619405581679,-0.0011714374358989675,0.0012826929123948263,0.006214532271984857
10.109999999999829,8.906311557842157,-0.001168671097191032,0.0013599934631417137,0.006361736066361419
10.119999999999829,8.91611944311016,-0.001151816531435852,0.0014514934331538304,0.0061598095865515595
10.129999999999828,8.925613821916514,-0.0011381170772055693,0.0015434260500724357,0.006044922296717264
10.139999999999828,8.934791016952108,-0.0011378299694364787,0.0016289631288561512,0.006242278093386327
10.149999999999828,8.943647564593205,-0.0011249243395518506,0.001725841202689518,0.00613306967167855
10.159999999999828,8.952180220057283,-0.0011100875134918936,0.001825884954772802,0.005982394577446066
10.169999999999828,8.960385964658789,-0.0011108950362566012,0.001918016880894626,0.006174262621903337
10.179999999999827,8.968262003164003,-0.001104739212415102,0.0020160372756860305,0.006196222874078514
10.189999999999827,8.9758057619201,-0.0010886470392552114,0.002120624207726698,0.006000069764141265
10.199999999999827,8.983014894773863,-0.0010876728149658958,0.0022173569456401605,0.006118132192883133
10.209999999999827,8.98988728146085,-0.0010779076683717574,0.002318965947719676,0.006033789650581685
10.219999999999827,8.996421020109075,-0.0010639926741330464,0.0024221116067830875,0.005856151694661131
10.229999999999826,9.002614429047954,-0.0010668197842424525,0.0025162448786451063,0.006002889417447978
10.239999999999826,9.008466043005757,-0.0010554382794631157,0.0026157631001591194,0.005847105791989903
10.249999999999826,9.013974600970084,-0.0010440632521952872,0.0027132199885918514,0.005683704587293379
10.259999999999826,9.019139050829875,-0.0010504988560368187,0.002800817134926944,0.005846755768797065
10.269999999999825,9.023958542341036,-0.0010401954741250455,0.002892640222817937,0.005672294629614939
10.279999999999825,9.028432403288633,-0.0010303670361699819,0.0029808706825797658,0.005499470437183636
10.289999999999825,9.03256017607745,-0.0010393179948231177,0.0030585530572419697,0.005655933602265006
10.299999999999825,9.036341561070035,-0.001030544702794636,0.0031386645120006665,0.005470678702818192
10.309999999999825,9.039776423153695,-0.001022258447489234,0.0032140080500513727,0.005287976470868527
10.319999999999824,9.042864957392702,-0.001033283453176754,0.003278438885800958,0.005431475377898092
10.329999999999824,9.045606741751598,-0.001025876496055705,0.0033435680905062296,0.005235365690713043
10.339999999999824,9.048005851612764,-0.0010189042993690729,0.0034027605618699385,0.005042958453377412
10.349999999999824,9.050032318726783,-0.0010317768644587044,0.00345255485041089,0.005169671075098874
10.359999999999824,9.052023941600426,-0.0010225900994947214,0.0034834601144929614,0.0049643976413823124
10.369999999999823,9.04802782982009,-0.0010702021430921821,0.0038321434477019,0.0047796104994944225
10.379999999999823,9.054929013284905,-0.0009786674449444805,0.003247713705629132,0.004850034999566376
10.389999999999823,9.050255398219663,-0.0010778514144901788,0.003908832169110807,0.004674355138978997
10.399999999999823,9.043606942385182,-0.0010784273463399837,0.004015758634189555,0.004470685548025702
10.409999999999823,9.054454767065133,-0.0009369021048181647,0.003011115129209839,0.004368247456259423
10.419999999999822,9.061296987170794,-0.0009721106882728724,0.0032216084884797245,0.0042244230399003735
10.429999999999822,9.050153690293508,-0.001101902710558459,0.004226551543630304,0.0041015347507665926
10.439999999999822,9.056537710911376,-0.0009707108354381911,0.0031343070938791876,0.00397959774547115
10.449999999999822,9.06503673796524,-0.0009684767568789646,0.0030132120882226682,0.0038347495718200125
10.459999999999821,9.053517369908107,-0.0011029721390161031,0.004178363584754655,0.0037320859209256044
10.469999999999821,9.045329529371141,-0.0010758313983916738,0.003922771129985151,0.0036285149554837657
10.479999999999821,9.056851555439327,-0.0009625226572590974,0.002697541487981064,0.003462061001646542
10.48999999999982,9.04980724221597,-0.0010746780474312034,0.0038091563787049313,0.003358823934311023
10.49999999999982,9.040467002882917,-0.0010798026190241502,0.003800743262053242,0.0032542056848877065
10.50999999999982,9.051403863847606,-0.0009824370333232613,0.002475018045357664,0.003097345211154373
10.51999999999982,9.044058096592519,-0.001072502313365416,0.0035921570881925517,0.002985753494860532
10.52999999999982,9.034717979119916,-0.0010750840110078518,0.003523827994259474,0.002871411794770265
10.53999999999982,9.045359066097095,-0.0010037957572101507,0.0022403713656241773,0.0027277543974935196
10.54999999999982,9.036961489348066,-0.0010725194681679448,0.0033872893206381587,0.0026044350344785645
10.55999999999982,9.0273944963183,-0.001070010583706586,0.003200406847663534,0.002481698269166781
10.569999999999819,9.037588991311194,-0.0010247808949720876,0.0020406092377340864,0.002350253548670491
10.579999999999819,9.028298312969728,-0.001066971047064428,0.003103639668167815,0.00221448485479856
10.589999999999819,9.01821665466453,-0.0010616008675025247,0.00281539979201134,0.002088117773460658
10.599999999999818,9.027511769300393,-0.0010426835287145558,0.0019501462067670749,0.0019633874294066747
10.609999999999818,9.017560843309331,-0.0010542355508548111,0.002628878374334201,0.0018219564305469562
10.619999999999818,9.00689198178917,-0.0010470237877334791,0.0024630390783663093,0.0016923246825561566
10.629999999999818,9.01424482249328,-0.0010533546478186562,0.0020321411509163357,0.0015645150623765378
10.639999999999818,9.004065704598794,-0.0010324232306290243,-0.0009630373742825376,0.0015278315027189428
10.649999999999817,8.992952226622064,-0.00102566571339231,0.003610877904929367,0.0012560918789711825
10.659999999999817,8.986758938056612,-0.0010227570104255237,0.0035873745827743825,0.0011080347599634107
10.669999999999817,8.980190066804349,-0.0010109529050212312,0.0027721947791170863,0.0009857648445994614
10.679999999999817,8.971784916481052,-0.0009963214630432898,-0.0008517446691010938,0.0010152504228330007
10.689999999999817,8.964452231343609,-0.0009935099389409257,0.0034108104885612798,0.0006954734127304347
10.699999999999816,8.957350316296578,-0.000984643707049596,0.0029582048331343053,0.0005674119877988908
10.709999999999816,8.94948586598282,-0.0009695908248818809,-0.0008365984733104496,0.0006230342192358329
10.719999999999816,8.941695914732907,-0.0009618549292749671,0.0032759809388499283,0.00027312216937052384
10.729999999999816,8.933881395192683,-0.0009504923172123847,0.0025777511324128225,0.0001698623114702321
10.739999999999815,8.925775989021865,-0.0009350221944711295,-0.0010071708625876896,0.00024888135370372837
10.749999999999815,8.917464004091142,-0.0009226637749756891,0.0031027175246228175,-0.00014306110154016272
10.759999999999815,8.908956907512305,-0.0009074457235587331,-0.0006277878421647257,-1.9259882029442587e-05
10.769999999999815,8.9002197644227,-0.0008911311112592312,0.003003414662405712,-0.0004231894660454658
10.779999999999815,8.891249726385148,-0.0008742754581061202,-0.0006408006190906703,-0.00027736759035362253
10.789999999999814,8.882050503706678,-0.0008564607805022585,0.0027042770005417127,-0.0006758457459495313
10.799999999999814,8.8726131317594,-0.0008377780137388979,-0.0006282670759518733,-0.0005328553596958311
10.809999999999814,8.862936329469418,-0.0008178391116126121,-0.00013674275372530832,-0.0007012742514546081
10.819999999999814,8.852972641387108,-0.0007973010265253202,0.003201014410286962,-0.0011251832448608656
10.829999999999814,8.842787360368298,-0.0007757827793610445,-0.0006808414867116313,-0.0009078347144602246
10.839999999999813,8.83238613828952,-0.0007536504142461049,-0.0004555787430317096,-0.0010516120030777455
10.849999999999813,8.82169640990554,-0.0007307892310495798,0.003098098223538153,-0.001520139949571279
10.859999999999813,8.810782789706233,-0.0007069501065034701,-0.0007923431353768813,-0.0012643396975288777
10.869999999999813,8.799658212040523,-0.0006824214231517865,-0.0006746019990109998,-0.0013974029735201563
10.879999999999812,8.788253922385836,-0.0006579254440055931,-0.00017146892700399853,-0.0015531009679496312
10.889999999999812,8.77657991082526,-0.000630690947688476,-3.7580555619426074e-05,-0.0016963018987919184
10.899999999999812,8.764661343811913,-0.0006034015520916465,-5.538737330094661e-05,-0.0018173661769870504
10.909999999999812,8.752507441536427,-0.0005766207230628069,-1.3398015176384139e-05,-0.0019322782807291291
10.919999999999812,8.740122025918605,-0.0005492207225952574,-0.00013818282689317322,-0.0020342752776203524
10.929999999999811,8.727508389021718,-0.0005593514031247867,-0.00014276112156595753,-0.0021493908355841645
10.939999999999811,8.714670038763494,-0.0005942334591475354,-0.00024659108273633335,-0.0022448851796566154
10.949999999999811,8.70161095819803,-0.000627947810180309,-0.00030067991513950865,-0.002347979275107541
10.95999999999981,8.688334324221788,-0.0006604317314161213,-0.0003830170496378261,-0.002445326157966641
10.96999999999981,8.67484376600398,-0.0006916782983561066,-0.00045764703325335714,-0.0025391840632458993
10.97999999999981,8.661142759467447,-0.0007213491606430049,-0.0005372301549109078,-0.0026314372224797537
10.98999999999981,8.64723494263885,-0.0007496118615392506,-0.0006173526598798059,-0.002721239640895494
10.99999999999981,8.633123994322775,-0.0007766649555828119,-0.0006986316465854899,-0.0028070535362197265
11.00999999999981,8.618813675236767,-0.0008023805613095138,-0.0007805781915685428,-0.0028912344823635453
11.01999999999981,8.604307820774125,-0.0008269055910746789,-0.000862818907763742,-0.0029724834168728276
11.02999999999981,8.589610341629328,-0.0008503056324800217,-0.000944927060202961,-0.003050187061864611
11.039999999999809,8.57472520407449,-0.0008724017215348918,-0.0010265627728128872,-0.0031262892741313313
11.049999999999809,8.55965352666697,-0.0008932212534868573,-0.0011070659016708157,-0.0031989868585506043
11.059999999999809,8.544345680650185,-0.0009112540155657544,-0.0011837438865459078,-0.0032690816583743065
11.069999999999808,8.528784276204604,-0.0009269558423180914,-0.0012576414465335847,-0.0033380445680823664
11.079999999999808,8.512974957012323,-0.0009408881743737528,-0.001329035854865545,-0.0034024959910849513
11.089999999999808,8.496922537897147,-0.0009528630376537268,-0.0013978971156083317,-0.0034658372537509983
11.099999999999808,8.48062975588188,-0.00096303810547344,-0.001464294088556894,-0.0035267975480907953
11.109999999999808,8.464098347043024,-0.0009716231793932709,-0.0015366614504905356,-0.003579681333509188
11.119999999999807,8.447329828411334,-0.0009774413612513232,-0.0016188425612781085,-0.003636262184514528
11.129999999999807,8.43032573850675,-0.000982204847313076,-0.0017099426264626319,-0.003672354100223649
11.139999999999807,8.413087719296897,-0.0009829186512926864,-0.0018116792631141505,-0.003723899135256789
11.149999999999807,8.395617544774097,-0.0009821878563939972,-0.001922158953219487,-0.0037555976201328976
11.159999999999807,8.377917131824692,-0.0009883550466777526,-0.0020354784816464236,-0.0036567625035115
11.169999999999806,8.359988556302156,-0.0009739470893021702,-0.002168282581168747,-0.0037782746630019935
11.179999999999806,8.341834083768862,-0.0009586035170636231,-0.0023072578005759728,-0.0038665631188981703
11.189999999999806,8.323456209256651,-0.0009618452768568629,-0.0024383941598280653,-0.0036721959092097193
11.199999999999806,8.304857690278894,-0.0009365561585063649,-0.002591516225074068,-0.003808553907555439
11.209999999999805,8.286041591385954,-0.0009087861632312788,-0.002747733133720319,-0.003926483563821555
11.219999999999805,8.267011341592186,-0.0009029196583957894,-0.0028889430256031877,-0.003714194803306838
11.229999999999805,8.247770772310984,-0.0008694969203541415,-0.003047883926999922,-0.003831762423901282
11.239999999999805,8.228324153992576,-0.0008321280865393474,-0.0032060901021363987,-0.003947836266949193
11.249999999999805,8.208676249917987,-0.0008166761003346168,-0.0033440625484454007,-0.0037301820748983417
11.259999999999804,8.188832344829367,-0.0007753992412844853,-0.0034949735910753165,-0.0038316910345604985
11.269999999999804,8.168798260427792,-0.0007291361134935051,-0.0036413930128611142,-0.0039429401325916675
11.279999999999804,8.148580396254879,-0.0007052304411627957,-0.0037636090045491373,-0.0037204800997024433
11.289999999999804,8.128185728113717,-0.0006577026615453822,-0.003894749357042997,-0.00379402914038038
11.299999999999804,8.107621790427967,-0.0006028256154591793,-0.004020521296804662,-0.003909729200296157
11.309999999999803,8.086896703138132,-0.0005721915359351711,-0.004119126022274025,-0.003687377414368706
11.319999999999803,8.066019131791405,-0.000528995255611127,-0.004213954448762215,-0.0035695677453829715
11.329999999999803,8.04499828201282,-0.00046576687386109655,-0.0043151866825643604,-0.0037459469680189844
11.339999999999803,8.0238438875086,-0.00041413772043856815,-0.00438972630224038,-0.003625942670441995
11.349999999999802,8.002566220806777,-0.00039347706335081975,-0.004451444265927585,-0.0034695965024086105
11.359999999999802,7.981175775239747,-0.0002204645355053907,-0.004519383097659071,-0.003652589517632137
11.369999999999802,7.959684473137513,-0.002293722533753195,-0.0045883470482246235,-0.0037173011110299826
11.379999999999802,7.938083135224899,0.0009239464259896949,-0.00458229077965994,-0.003519219436527535
11.389999999999802,7.916393907555708,0.0010836205930609699,-0.0045989809656253235,-0.0034191704111425315
11.399999999999801,7.894663183219482,-0.002820326788936654,-0.004655470922828173,-0.0035850375946423286
11.409999999999801,7.872864794586383,0.001591054464066208,-0.004606626634071104,-0.003444696806077787
11.419999999999801,7.851013832750679,0.0013099902788141439,-0.004590206452155835,-0.0032984961276892274
11.4299999999998,7.829163974434975,-0.0024489813462133195,-0.00460838826456674,-0.0034732919218101142
11.4399999999998,7.807287197581721,0.0019311815579572636,-0.004523766945674623,-0.0033500084151001216
11.4499999999998,7.78540000740315,-0.0016055435054358974,-0.004498101316792492,-0.0031918863316263567
11.4599999999998,7.7635234758829474,0.0022469929958093375,-0.004410354538170134,-0.0033889651220017566
11.4699999999998,7.741672536907978,-0.0012143850494878352,-0.004359009108180509,-0.003229285083515294
11.4799999999998,7.719863237853164,0.002343838486056045,-0.0042313805569103285,-0.0030932887942662006
11.4899999999998,7.698107881460323,-0.0008267272926361609,-0.004169194640887727,-0.0032625156543098777
11.4999999999998,7.676421908431963,0.00048002607937477866,-0.004162360571494013,-0.0030883630468645676
11.509999999999799,7.65479758174146,0.0010347635842269686,-0.004683668880439585,-0.002810318085158107
11.519999999999799,7.6332567498125155,0.002570539491043872,-0.005276612346254111,-0.002839279270605345
11.529999999999799,7.611818318745864,3.553720265242978e-05,-0.005884569627708719,-0.002527426147417885
11.539999999999798,7.590472364645652,0.0005478399940743797,-0.006459237586564242,-0.0022382086135079773
11.549999999999798,7.56919995102902,0.0008211076794666934,-0.007040275283741069,-0.002257106874235843
11.559999999999798,7.548009389668197,0.004082611786371167,-0.007575458282478263,-0.001971071471031164
11.569999999999798,7.526934909256579,0.0001267861922131437,-0.008137616647216912,-0.001669368773271683
11.579999999999798,7.505974324417031,0.0004707418916642761,-0.008658398316364177,-0.0014964962618521204
11.589999999999797,7.485099452137266,0.0009325691214959004,-0.009154729168647811,-0.001320164726816896
11.599999999999797,7.464322225435883,0.0011108700047873176,-0.009625393082223899,-0.0011094831850217647
11.609999999999797,7.443654636927805,0.0011484938399294474,-0.010069009723970599,-0.0009356974733857571
11.619999999999797,7.423107162718189,0.0013237708126294173,-0.010479368932413578,-0.0007849532661825295
11.629999999999797,7.402691135080137,0.0012282172819793847,-0.010852115010981945,-0.0006203824566516549
11.639999999999796,7.382417799423218,0.001404825101275734,-0.011182685651580732,-0.00047413450760737993
11.649999999999796,7.362299566154849,0.0013202186481464102,-0.011468545077620462,-0.0003447323063519433
11.659999999999796,7.342350276842687,0.001432214487518463,-0.011704006250866424,-0.00021636524440463677
11.669999999999796,7.322584590426997,0.001409789298597355,-0.011886677860982443,-9.900150097066473e-05
11.679999999999795,7.303018984760112,0.0014599381302338866,-0.012013392282289927,5.691686498941837e-06
11.689999999999795,7.283670696279317,0.0014697164858763336,-0.012081608763216883,0.00010372699208558984
11.699999999999795,7.264558323528382,0.0014921643326691835,-0.012089755859814115,0.00019305754247109209
11.709999999999795,7.2457012298332,0.0015053460276386501,-0.01203701648398966,0.00027285668809182064
11.719999999999795,7.227119589228187,0.0015169921090169634,-0.011923284043850586,0.0003451920105091656
11.729999999999794,7.20883407790991,0.0015245689481764783,-0.0117493614125959,0.0004105311969018193
11.739999999999794,7.190865678884948,0.0015288126555783434,-0.01151689123734094,0.00046923639497279367
11.749999999999794,7.173235419271037,0.0015296007772389114,-0.011228269181974579,0.0005223888428532524
11.759999999999794,7.155964111259723,0.001527108832694445,-0.010886612834433452,0.0005709669736276126
11.769999999999794,7.139072083947128,0.0015215043894970179,-0.010495674718469909,0.0006158549178545227
11.779999999999793,7.1225789188007305,0.0015130208155290173,-0.010059733732301077,0.0006580799041507393
11.789999999999793,7.106503194544307,0.0015019613973209294,-0.009583494735998847,0.00069870109690888
11.799999999999793,7.090862248712228,0.0014886478673925166,-0.009071986628507962,0.0007387363149497846
11.809999999999793,7.0756719615742005,0.001473375053603321,-0.008530461712113357,0.0007791857426289735
11.819999999999792,7.0609465669459075,0.0014564415309456045,-0.007964306319058428,0.000821020961308222
11.829999999999792,7.046698493951589,0.001438146618357851,-0.007378965297698617,0.0008651586733211077
11.839999999999792,7.032938243053091,0.0014187833242540024,-0.006779880789740671,0.0009124517358403269
11.849999999999792,7.019674298401917,0.0013986255238680738,-0.006172445642957918,0.000963684817991308
11.859999999999792,7.006913077558159,0.001378123626087122,-0.005561971345051054,0.0010195679245675292
11.869999999999791,6.9946589198724025,0.0013575043657734175,-0.00495365919131183,0.0010807332109106678
11.879999999999791,6.982914111929727,0.0013367843238140807,-0.004352576345113814,0.0011477289507503593
11.889999999999791,6.971678946887225,0.0013161800768230476,-0.0037636305479834833,0.001221012782153588
11.89999999999979,6.960951818364696,0.0012958692417147305,-0.0031915263883151085,0.0013009493244630541
11.90999999999979,6.950729347500967,0.0012759979123147364,-0.002640705487556564,0.001387804132031155
11.91999999999979,6.9410065386196385,0.0012566805673076737,-0.0021152672829303047,0.0014817353539939959
11.92999999999979,6.931776959205925,0.001238001293645826,-0.0016188740129606852,0.0015827863461020046
11.93999999999979,6.923032939106005,0.0012200155780864638,-0.0011546489335551122,0.0016908802016187873
11.94999999999979,6.914765783043304,0.0012027526073741942,-0.0007250808312706337,0.0018058172948290623
11.95999999999979,6.906965989887441,0.0011862180101492028,-0.0003319492006644517,0.0019272773801620917
11.96999999999979,6.899623471825621,0.0011703969405915738,2.371757087787403e-05,0.00205482713241069
11.979999999999789,6.892727766766824,0.0011552573589746443,0.0003416435999398085,0.002187932998951322
11.989999999999789,6.886268238034289,0.0011407533645704032,0.0006222655638683392,0.00232597841919406
11.999999999999789,6.880234256509237,0.0011268284353603464,0.0008666567606967439,0.00246828389640315
12.009999999999788,6.874615361790614,0.0011134184573055724,0.0010764250737074854,0.0026141281310384985
12.019999999999788,6.8694014003959945,0.0011004544522842854,0.0012535968264854416,0.0027627684986610283
12.029999999999788,6.864582640365653,0.0010878649539844305,0.0014004981879255053,0.0029134595082318674
12.039999999999788,6.86014986276783,0.0010755780065094765,0.0015196437057403297,0.0030654683620160304
12.049999999999788,6.856094431429054,0.0010635227934489876,0.0016136385808469386,0.0032180872269869706
12.059999999999787,6.852408342751374,0.0010516309217133328,0.0016850982418240206,0.0033706422354734234
12.069999999999787,6.849084257770279,0.0010398373943469722,0.0017365861740072062,0.0035224995196166025
12.079999999999787,6.846115518701349,0.0010280813148218564,0.0017705690478390503,0.0036730687464082805
12.089999999999787,6.843496152169067,0.0010163063623420396,0.001789387006440285,0.003821804677941498
12.099999999999786,6.841220861149784,0.001004461077652259,0.0017952364024425402,0.003968207265531744
12.109999999999786,6.839285007509865,0.0009924989929371113,0.001790162165814401,0.004111820725554332
12.119999999999786,6.8376845867618625,0.0009803786352404642,0.0017760571624836768,0.004252231963642055
12.129999999999786,6.83641619646286,0.0009680634296437375,0.0017546662608536295,0.004389068627692251
12.139999999999786,6.835476999507678,0.0009555215204517674,0.0017275932617984086,0.004521996990014237
12.149999999999785,6.834864683350164,0.0009427255307281608,0.0016963093239526618,0.004650719790282033
12.159999999999785,6.834577416093421,0.0009296522710353762,0.0016621621024313954,0.004774974114262353
12.169999999999785,6.834613800129187,0.0009162824125108766,0.0016263857396415485,0.004894529338926541
12.179999999999785,6.834972824192283,0.0009026001245034942,0.0015901145540651372,0.005009185129907615
12.189999999999785,6.835653813799476,0.0008885926681103495,0.0015544181620306273,0.005118769349321507
12.199999999999784,6.836656380979271,0.0008742507555377044,0.00151981702313389,0.005223142880277691
12.209999999999784,6.837980380870865,0.0008595731430657984,0.0014830370936684456,0.005322212214233019
12.219999999999784,6.839625978163324,0.000844546465692771,0.0014492428119979987,0.005415787045799034
12.229999999999784,6.841593315704237,0.0008291680726713255,0.0014197040010067075,0.005503795342275928
12.239999999999783,6.843884271382844,0.0008134317615555045,0.0013948951193819173,0.005586237260891624
12.249999999999783,6.846467885270145,0.0007974788738822495,0.0013725688724409795,0.005662953318552921
12.259999999999783,6.85267731223803,0.0007691530222802135,0.0015997290762857412,0.005736866940714251
12.269999999999783,6.8507492192450465,0.0007820233235127891,0.0009463722123401817,0.005794964777148487
12.279999999999783,6.861601512400219,0.000731477200943056,0.001833424867786399,0.005865606083378826
12.289999999999782,6.859845386930726,0.0007405097737861041,0.0009215019816643504,0.0059063872831236
12.299999999999782,6.856053389729039,0.0007151991623510959,0.0007398994148741058,0.005960074348754777
12.309999999999782,6.871048114477315,0.0006767913709142056,0.0020415806912641534,0.005893065240792989
12.319999999999782,6.880180611658565,0.0006796584041516548,0.0016360713260653158,0.006039303347314524
12.329999999999782,6.872996323381222,0.0006456662301136686,0.0005152018527237782,0.00611642398004538
12.339999999999781,6.884662607549349,0.0006399969568246544,0.0018637637811567058,0.005989236923988692
12.349999999999781,6.896683235114539,0.000638395326142253,0.0018830795506129018,0.006139375776315563
12.359999999999781,6.8890575173726605,0.0005558517192739184,0.0005636262079786115,0.006218618540074588
12.36999999999978,6.897588958095845,0.0005773715124477926,0.0017125248172733208,0.006082074468976138
12.37999999999978,6.911344457801378,0.0005790820312499887,0.00213856795136281,0.006089136168588162
12.38999999999978,6.904482542179129,0.0004535186001152084,0.0007201105509898797,0.006194760185003902
12.39999999999978,6.914776143890365,0.0005262027703061402,0.0020430373068860558,0.006128421784153492
12.40999999999978,6.928249611947367,0.0005146854337642899,0.002347822089737813,0.006058314699993806
12.41999999999978,6.921433621773819,0.0003533280833399567,0.0008639241146628356,0.006160332413473675
12.42999999999978,6.933481635198518,0.0004965012477421032,0.0025226732549342066,0.006318843072677995
12.43999999999978,6.946995873825687,0.0004625393754016133,0.002661354821566687,0.006153136963999452
12.449999999999779,6.940411320641396,0.00026039991275253607,0.0011094356046622573,0.006168790175465852
12.459999999999779,6.953504362166002,0.000432271967642474,0.003044823147110578,0.006254699818406961
12.469999999999779,6.967457872683171,0.00039369742849448337,0.0030658567428219147,0.006098807113395811
12.479999999999778,6.961543821211413,0.00016812170603133528,0.0015673322831247635,0.006126441143614287
12.489999999999778,6.975288249490105,0.00036325191848455716,0.003542076159755149,0.006170238087738928
12.499999999999778,6.989724286514679,0.0003234912009108901,0.003477198311314124,0.006020085375874281
12.509999999999778,6.985228032466166,8.723677495422535e-05,0.002471789214009074,0.006095290353487878
12.519999999999778,6.999190436674224,0.00029151371622809324,0.0037312583117261565,0.006066579018220926
12.529999999999777,7.013919541260647,0.00025100852654000473,0.0038489624742266064,0.005925022093335633
12.539999999999777,7.022363092313935,0.00016876545013469482,0.010124002969339307,0.0068080603887118625
12.549999999999777,7.032776404201016,0.00016836958994215725,0.002292181196361081,0.005766436263168586
12.559999999999777,7.044279822636366,0.00013825752511268858,0.0024416618441264956,0.005607160101711029
12.569999999999776,7.053921642580603,0.0001023022499063502,0.0028601216086617015,0.005774071797424061
12.579999999999776,7.064206162663486,7.054720191982168e-05,0.0037390218660591783,0.005707539348604138
12.589999999999776,7.074953313019369,3.438070963906392e-05,0.0038681604656959,0.0055501725788146845
12.599999999999776,7.085191387528917,1.7062307729183166e-05,0.008863684709384404,0.006314933772692133
12.609999999999776,7.095503142522388,-1.8396823580078997e-05,0.0024894941916803843,0.005301529317646537
12.619999999999775,7.105980657620159,-5.6888984735856966e-05,0.0028880611142154482,0.005162069971641816
12.629999999999775,7.116519301894066,-8.969477613904737e-05,0.008196482806619243,0.0057804265701576095
12.639999999999775,7.127105611745824,-0.00011071855215955025,0.002401713109498276,0.004892082195131866
12.649999999999775,7.1377555722439245,-0.00014046190749815384,0.0031232665528255466,0.0048458837098149755
12.659999999999775,7.148590663315624,-0.0001702782230087122,0.008237948096762085,0.005459678313639846
12.669999999999774,7.159498297914546,-0.00019284027767413564,0.0023389587033296553,0.004492504785968801
12.679999999999774,7.170459427050191,-0.00022458559931069384,0.007331424117346117,0.005121430497080504
12.689999999999774,7.181534897081088,-0.0002531480307765027,0.002276353544584424,0.004212701505190927
12.699999999999774,7.192727803912455,-0.0002844550814367864,0.007102518082268304,0.00484530217629742
12.709999999999773,7.204032420624149,-0.0003140592655090598,0.002791677555941134,0.004035091597081152
12.719999999999773,7.215439309696385,-0.0003477240261831676,0.006480813542310554,0.004492919668492414
12.729999999999773,7.226963398428893,-0.0003805281728592165,0.006237670859484308,0.0043217213789475024
12.739999999999773,7.23853536876926,-0.00041327971591098947,0.001197783169212402,0.0033553120840526555
12.749999999999773,7.250258400138291,-0.00044946321933673366,0.0066053429977606425,0.0041028414619395884
12.759999999999772,7.262140390117461,-0.00048324251285206474,0.006124332456740607,0.0038786064417111665
12.769999999999772,7.27406407530788,-0.0005177522503274135,0.0012117430319137767,0.0028958245323350566
12.779999999999772,7.286131758495339,-0.0005548861629383067,0.006249588306701073,0.003598022498919494
12.789999999999772,7.298359081541324,-0.0005898213203457918,0.005888253808961663,0.0033788972533529468
12.799999999999772,7.3106386148380285,-0.0006265177012637168,0.005070215474040093,0.0030795858784238147
12.809999999999771,7.322984435772988,-0.0006637902065496858,0.004457187797174124,0.0028055421694336423
12.819999999999771,7.335435034548633,-0.0007010609177578777,0.004529314103725682,0.002647274574900885
12.829999999999771,7.348002073191202,-0.0007370499131495319,0.0041036954465415295,0.002397953222711633
12.83999999999977,7.360686729353894,-0.0007722426730737079,0.004216423354938264,0.002242205132789542
12.84999999999977,7.3734901341743715,-0.0008068655115475721,0.003970907393711815,0.0020181860644828747
12.85999999999977,7.38641115450246,-0.0008411887235091444,0.004144548664498378,0.0018673099778041273
12.86999999999977,7.399447747524928,-0.0008750188285464573,0.00456900774207686,0.0017604169806643608
12.87999999999977,7.412584370815626,-0.0009086958387674791,0.005022606412996924,0.0016574847608427676
12.88999999999977,7.425799497510621,-0.0009424549693997035,0.005437544844048853,0.0015458310204843613
12.89999999999977,7.439072584539374,-0.0009764400176561512,0.005834999520493893,0.0014291492972023417
12.90999999999977,7.452385075443962,-0.0010103150481150626,0.006214324159194222,0.0013072550956517983
12.919999999999769,7.465719503962719,-0.0010437747341253375,0.006577400271645555,0.0011804749771681454
12.929999999999769,7.4790878046115745,-0.0010755016526156878,0.006926651981947129,0.001049230229560129
12.939999999999769,7.492510378678092,-0.0011044200769153643,0.0072623456067162345,0.0009135349725215295
12.949999999999768,7.505970931538524,-0.0011312558476244644,0.007580608288108643,0.0007726273342794617
12.959999999999768,7.519453241528274,-0.0011617045545799273,0.007878879533183775,0.0006260005303124946
12.969999999999768,7.532944422134173,-0.0011933500772180385,0.008154816939036871,0.00047321899198498273
12.979999999999768,7.546434152842017,-0.0012239357867351067,0.008407130619953624,0.0003140587808714882
12.989999999999768,7.559913697610599,-0.0012552667587277066,0.008634042395157356,0.00014821417755114157
12.999999999999767,7.573375505026269,-0.0012821713480092958,0.008833715029166057,-2.4604070260170197e-05
13.009999999999767,7.586813154145098,-0.001319306746199119,0.009003906223087508,-0.00020475735686680398
13.019999999999767,7.600221544702517,-0.00131579050832533,0.009143542924890554,-0.0003922988036113397
13.029999999999767,7.613596687937888,-0.0014746838528660426,0.00924760526842438,-0.0005882266392158479
13.039999999999766,7.626937157970407,0.00013708764517017202,0.009348865679549198,-0.000785436860253995
13.049999999999766,7.640228524863862,-0.0027501877469236435,0.009337179081852338,-0.0010139256566371354
13.059999999999766,7.6534822071832505,-0.0028599409678656366,0.009336185145840453,-0.0012265541216181322
13.069999999999766,7.66672778929993,0.00047772499346042033,0.009349867191675052,-0.0014341878409944522
13.079999999999766,7.679940022321299,-0.003602672635326055,0.009215679163794595,-0.0016911359710746515
13.089999999999765,7.693128566620514,-0.0026252842694439826,0.00911413306458854,-0.001918348285940034
13.099999999999765,7.706327661974893,0.0003392361864017083,0.009004093646843356,-0.002149442353879678
13.109999999999765,7.719510329827185,-0.004055482053791662,0.008766098888945717,-0.0024261159401200777
13.119999999999765,7.732696195607179,0.00016309930383822017,0.008590699033045218,-0.0026606138827800696
13.129999999999765,7.745897263794724,-0.004446481545891849,0.008291281175544485,-0.0029441672181572736
13.139999999999764,7.759127162836636,9.78639820817844e-05,0.008049535613351451,-0.0031839507128509784
13.149999999999764,7.772397711801744,-0.004431480866272213,0.007697344276531093,-0.0034742701280973936
13.159999999999764,7.785719586712731,-6.606737369203888e-06,0.007395109246984027,-0.003720519567604321
13.169999999999764,7.799105344270722,-0.001363201224951435,0.007019976575717984,-0.004010230262464742
13.179999999999763,7.812540153267921,-0.0011839844903451776,0.0066387378752082804,-0.004291231435667978
13.189999999999763,7.826045355080814,-0.005497684319314872,0.006216150964179978,-0.004575159601390424
13.199999999999763,7.839667393881371,-0.00040595833852479445,0.005834080924368362,-0.004809585891027393
13.209999999999763,7.85341093603979,-0.0008923417301825269,0.005407889992311416,-0.005092834384688106
13.219999999999763,7.8672461507226625,-0.005432480777991153,0.004958776902855981,-0.005378390657010358
13.229999999999762,7.881221949596223,-0.0005421616953737915,0.004548369165466052,-0.005606117018343322
13.239999999999762,7.89534431523882,-0.000809881371355333,0.004114002191224032,-0.0058758915945471245
13.249999999999762,7.909581653583801,-0.0019092998600394847,0.0036803937974223756,-0.006146551600172079
13.259999999999762,7.923949707791181,-0.0016586959423120623,0.003259073189524959,-0.006395350882772806
13.269999999999762,7.938460333303852,-0.0027411689033323065,0.0028446342244520507,-0.006637799340809055
13.279999999999761,7.953123305433869,-0.0016032235072876552,0.0024488675987718333,-0.006864271434216583
13.289999999999761,7.967939550634966,-0.0024177041754955353,0.002065201590905647,-0.007094749471063915
13.299999999999761,7.982905965882798,-0.0020266240183541236,0.0017023701751059897,-0.007310471284656185
13.30999999999976,7.998023970508133,-0.002236862604319917,0.0013595531938330914,-0.007519211317598464
13.31999999999976,8.013289160156688,-0.002291495457841363,0.0010396906816154397,-0.0077181178546143194
13.32999999999976,8.02869922332569,-0.0021965561116125743,0.0007440763764970368,-0.007907182876026785
13.33999999999976,8.044248451074997,-0.0023319719111569806,0.00047075763177338126,-0.008088602275646343
13.34999999999976,8.059930615991743,-0.002241678154069667,0.00021736409912844645,-0.008260697848481777
13.35999999999976,8.075738642343074,-0.002305023260544689,-1.0105618115851308e-05,-0.008424234012341353
13.36999999999976,8.09166408851309,-0.0022709758573646087,-0.00021249757063393992,-0.008578709397797852
13.37999999999976,8.10769815747538,-0.0022803010053789145,-0.0003906619317690123,-0.008724713856037493
13.389999999999759,8.12383103811462,-0.002263938466621016,-0.000545791498647985,-0.008862483131373604
13.399999999999759,8.140052527373841,-0.002252152406896073,-0.0006791993583395769,-0.008992355934359179
13.409999999999759,8.156351883413366,-0.0022329207622673315,-0.0007923780046538612,-0.009114683489219746
13.419999999999758,8.172718058752057,-0.0022106269921956657,-0.0008868898148778925,-0.009229800667743582
13.429999999999758,8.189139752223184,-0.002183779192577089,-0.0009643430415824503,-0.009338038817493855
13.439999999999758,8.205605520963987,-0.0021528619437069718,-0.001026342070250943,-0.009439710956146211
13.449999999999758,8.22210385821804,-0.0021177649032660542,-0.0010744596090004569,-0.009535109539802168
13.459999999999757,8.23862327168933,-0.002078573836625159,-0.0011102123345913964,-0.00962450178674536
13.469999999999757,8.255152354215479,-0.002035346507493705,-0.0011350451995234888,-0.009708129958851923
13.479999999999757,8.271679870780641,-0.0019881717442675377,-0.0011503214854772465,-0.009786209726949146
13.489999999999757,8.288194100877917,-0.001937184237331395,-0.0011573139136808004,-0.009858929767058836
13.499999999999757,8.304683737944146,-0.001882505503699571,-0.001157210205525013,-0.009926454692624959
13.509999999999756,8.321138264709765,-0.0018242642497662352,-0.0011511131385627132,-0.009988925032802486
13.519999999999756,8.33754740949522,-0.0017626238552441807,-0.0011400379706502188,-0.010046458962397711
13.529999999999756,8.353901166754012,-0.001697767510094386,-0.001124919134238918,-0.010099155116778696
13.539999999999756,8.370189825787199,-0.001629897814581467,-0.0011066150370772024,-0.0101470908800018
13.549999999999756,8.386403997047848,-0.0015592301275290695,-0.0010859125270463506,-0.010190331814945906
13.559999999999755,8.402534630627555,-0.001485990926616937,-0.0010635316808470722,-0.010228920029837184
13.569999999999755,8.418573027038455,-0.0014104161655216466,-0.0010401292388628083,-0.010262896647526425
13.579999999999755,8.434510842143398,-0.0013327493346421476,-0.0010163028329982374,-0.010292276807433548
13.589999999999755,8.450340088007907,-0.0012532395311086015,-0.0009925938842978948,-0.010317051466111456
13.599999999999755,8.46605313088452,-0.0011721381438611973,-0.0009694816298464995,-0.010337525362563852
13.609999999999754,8.48164268703352,-0.001089720534139413,-0.0009475064625868834,-0.010349315970977428
13.619999999999754,8.497101816762381,-0.0010060330893610495,-0.0009262595733399482,-0.010385703228396711
13.629999999999754,8.512423916999817,-0.000922599163025381,-0.0009100579213515014,-0.010275964618087809
13.639999999999754,8.527602712258098,-0.0008366227307812832,-0.0008904881706927787,-0.01039401898844554
13.649999999999753,8.542632244497712,-0.0007504342836791602,-0.0008743141627610405,-0.010462190738789085
13.659999999999753,8.557506863409087,-0.0006672319333362141,-0.0008662017783922673,-0.010272696916861078
13.669999999999753,8.572221213308229,-0.0005801357203854111,-0.0008537419166750649,-0.010400789562233935
13.679999999999753,8.58677022069009,-0.0004932409128311671,-0.0008445688047296028,-0.010500690015409476
13.689999999999753,8.601149082964122,-0.0004119152555827344,-0.0008444665588828084,-0.010286084841241105
13.699999999999752,8.615353253521835,-0.0003297542928546055,-0.0008446541465528108,-0.01017970990822666
13.709999999999752,8.629378427782703,-0.00024259523404497916,-0.0008417523052736851,-0.010368155563513351
13.719999999999752,8.64322053180483,-0.00016263305879346616,-0.0008474762411529058,-0.010227699102951883
13.729999999999752,8.65687570933553,-8.42846351595568e-05,-0.0008555566874400708,-0.01008227231176208
13.739999999999752,8.670340307422444,6.402429840069523e-07,-0.000860331858580252,-0.010271723654162058
13.749999999999751,8.683610864916876,7.731271390322436e-05,-0.0008749822216119241,-0.010157257697036126
13.759999999999751,8.696684086073981,0.00015087734652441046,-0.0008958684624867006,-0.00999268961849322
13.76999999999975,8.70955680292052,0.00023217599870684904,-0.0009172574458929366,-0.010168734790073915
13.77999999999975,8.722225949344052,0.0003034365971689216,-0.0009492578001560503,-0.010030281384879637
13.78999999999975,8.734688536889669,0.00037177579580493337,-0.0009876843467463091,-0.009862689465433375
13.79999999999975,8.746941626931461,0.00044886587760507016,-0.0010278264316150951,-0.010028949424336875
13.80999999999975,8.7589823071456,0.0005138577488247126,-0.001078537116000021,-0.009861223959128513
13.81999999999975,8.770807666114978,0.0005763748750998994,-0.0011354780743560694,-0.009685375012817419
13.82999999999975,8.782414764817482,0.0006487678752819569,-0.0011947486141594462,-0.009838768261578831
13.83999999999975,8.793800615067308,0.0007072834338810801,-0.0012637043989336533,-0.009648139177178116
13.84999999999975,8.804962157454407,0.0007635631782676396,-0.0013381661425092186,-0.009458074316790775
13.859999999999749,8.81589623722472,0.0008307873180565084,-0.0014147699231080403,-0.009591066272573189
13.869999999999749,8.826599589354002,0.0008828802085574027,-0.0014991414399390787,-0.009383465833064718
13.879999999999749,8.83706882437734,0.0009328240749262383,-0.0015875080593536137,-0.009178198330505928
13.889999999999748,8.847300412761268,0.0009940352758844022,-0.001677060446978078,-0.009273329341774
13.899999999999748,8.857290680180036,0.0010401334243165966,-0.0017714413346738836,-0.009058995950755605
13.909999999999748,8.867035804824136,0.0010839775708662495,-0.0018676035845794046,-0.008843049540785087
13.919999999999748,8.876531812971637,0.0011301980377860302,-0.0019641407834892284,-0.008713967713723576
13.929999999999747,8.88577458515531,0.0011744797782649995,-0.002060795319598396,-0.008577757288361883
13.939999999999747,8.894759866847673,0.0012155207890220273,-0.0021568089260004288,-0.008411368782159504
13.949999999999747,8.903483277444522,0.001255585285036648,-0.0022511385014102507,-0.008260930310355487
13.959999999999747,8.911940323101964,0.0012942085778212462,-0.0023431021540821664,-0.008116528796396403
13.969999999999747,8.920126414652609,0.0013303515160596213,-0.0024322509250340745,-0.007959639188821763
13.979999999999746,8.928036882322242,0.0013645254583733988,-0.0025178311285173325,-0.007801204779856579
13.989999999999746,8.935666991155383,0.001396744843267929,-0.0025991818862423446,-0.007642304752789301
13.999999999999746,8.94301196642559,0.0014266438386983118,-0.0026757120046481454,-0.00747777535707256
14.009999999999746,8.950067017542887,0.0014541715573438668,-0.0027468968126741922,-0.00730837565014534
14.019999999999746,8.956827356478565,0.001479394169448596,-0.0028122887137750985,-0.007135043747258424
14.029999999999745,8.96328822808032,0.0015057181568250491,-0.0028715160604307205,-0.006957081950623749
14.039999999999745,8.969444934190593,0.0015349635344143887,-0.0029242845901790893,-0.006774281531826192
14.049999999999745,8.975292860811935,0.0015672207281624295,-0.0029703773407273697,-0.006586869331157345
14.059999999999745,8.980827530483714,0.001602519786374028,-0.0030096517982941278,-0.00639495347994933
14.069999999999744,8.986044563167763,0.0016408340665291813,-0.0030420317872231544,-0.006198608785103244
14.079999999999744,8.99093989523249,0.001682087967003467,-0.0030675151916774593,-0.005997975790838167
14.089999999999744,8.995509166908151,0.0017261558994796481,-0.003086129030916078,-0.005793225759026943
14.099999999999744,8.99975073316152,0.0017728563790010555,-0.003098098587901438,-0.005584529675249315
14.109999999999744,9.00364368369729,0.0018220044266124104,-0.003102613545030977,-0.005372096113845341
14.119999999999743,9.007390842950006,0.0018726672548997052,-0.003111031386468972,-0.005155729761080152
14.129999999999743,9.005684642472678,0.001945088742764844,-0.002845720707356591,-0.004945809388760971
14.139999999999743,9.01420854034093,0.0019591510136025363,-0.0033693041962746697,-0.004703328616726463
14.149999999999743,9.010608423385431,0.002069627110822089,-0.0027405804509446244,-0.004501604928271726
14.159999999999743,9.00699023357478,0.0021306569961608945,-0.002737572517022343,-0.004273675669725808
14.169999999999742,9.01937527582374,0.002087450799224728,-0.0035625172655666467,-0.0040044450463775395
14.179999999999742,9.026470019365199,0.002164386155096784,-0.0032660975037614955,-0.0037795952656348494
14.189999999999742,9.017426104436412,0.002336586534454701,-0.00241547738908327,-0.0035813455619981807
14.199999999999742,9.027077249907308,0.0022294085339945053,-0.003406901843808143,-0.0032884903728352343
14.209999999999742,9.036060577937963,0.0022800689113623277,-0.00331855073267424,-0.0030448123552125166
14.219999999999741,9.02599326807648,0.00251672190216642,-0.0022619542704446364,-0.0028538920706074732
14.229999999999741,9.019999417530869,0.0025273065794497018,-0.0024513511483390473,-0.002593610476536169
14.23999999999974,9.03289621423365,0.0023504985095051663,-0.0034286780940775497,-0.00228055392012943
14.24999999999974,9.027109696597762,0.002623079531666285,-0.0023196164494329254,-0.002090502222959479
14.25999999999974,9.019281309622466,0.0026793569837895753,-0.002207391499238189,-0.0018399503626024723
14.26999999999974,9.031694230134002,0.0024178219748424603,-0.0033004789291657924,-0.001506226056334573
14.27999999999974,9.026074960554105,0.0027222897603317565,-0.0021932751983106268,-0.0013161861339418685
14.28999999999974,9.017863451421066,0.0027777512908329907,-0.0020533528483156786,-0.0010619924246377441
14.29999999999974,9.029797311920271,0.002455309252705268,-0.003145503972439761,-0.0007160857652540808
14.30999999999974,9.022924896531656,0.0028118761198301406,-0.0019581614110818876,-0.0005333930300643807
14.31999999999974,9.014488735187827,0.0028375678577920215,-0.0018848821139734633,-0.0002703968417942317
14.329999999999739,9.025969924528566,0.002460128705669676,-0.0029503904911772675,8.387591498249945e-05
14.339999999999739,9.01795712745171,0.0028664746864477007,-0.001699972297777469,0.0002584257783140013
14.349999999999739,9.008979427298893,0.0028640234890907317,-0.0016849362395517048,0.0005287950761815074
14.359999999999738,9.019701779275735,0.0024365273693441273,-0.0027006124373740903,0.0008872546168180785
14.369999999999738,9.010814082542826,0.0028796421641157986,-0.0014384131297807807,0.001056060676645845
14.379999999999738,9.001163946031909,0.002854123031023827,-0.0014783667058190235,0.0013326612393719667
14.389999999999738,9.01054453001826,0.002393866015826945,-0.0023684657089094105,0.0016861047126339264
14.399999999999737,9.001084859848543,0.002847709032990239,-0.001207549517868766,0.0018579373735442268
14.409999999999737,8.990829660874871,0.002804162743528437,-0.0016107709435385883,0.0021685327406736673
14.419999999999737,8.996372299552268,0.0023900638505840606,-0.0025140175564775,0.002528013098783263
14.429999999999737,8.987284667958312,0.002753205837244697,-0.00209267426251164,0.0027651613688436825
14.439999999999737,8.977044649677536,0.0027039827097415604,-0.0026228013933431386,0.0030915441318031854
14.449999999999736,8.970644932560523,0.002602802318985772,-0.0024219051501207563,0.003347098722110286
14.459999999999736,8.964286940504625,0.0025483410521357965,-0.003070415347542874,0.0036857861115455032
14.469999999999736,8.956197203906367,0.0025190340794610604,-0.0033554877821048977,0.003988882478743409
14.479999999999736,8.94873283643437,0.002439846092043965,-0.003402793021009528,0.0042670615191128854
14.489999999999736,8.941507251699813,0.002419798656996085,-0.0037379962981144302,0.004573365803913292
14.499999999999735,8.933516077100524,0.0025840105681138605,-0.003956476156633731,0.004866370158106649
14.509999999999735,8.925354774059878,0.0027505081136497784,-0.0038885360912166746,0.0051271872731124876
14.519999999999735,8.917069469407219,0.00291366298815425,-0.004363145156472898,0.00544300983337558
14.529999999999735,8.908363481372149,0.0030656220449929053,-0.003929811313662222,0.0056597496868110424
14.539999999999734,8.899304140242782,0.0032194385631179327,-0.007329954007514061,0.00628871509547363
14.549999999999734,8.88987562623605,0.003344907291692819,-0.002800999228945152,0.006056129667356764
14.559999999999734,8.880043363142898,0.0034735295298938193,-0.0029128579279485704,0.006320811393799271
14.569999999999734,8.869909184900239,0.003605138998141566,-0.007241896611465807,0.007051523798476166
14.579999999999734,8.859384650524094,0.0037014699281146092,-0.0022308280173371216,0.0067441372041325805
14.589999999999733,8.848446659350213,0.003808650445850369,-0.002901662957186322,0.007062639002742256
14.599999999999733,8.837210610951635,0.003918351676923588,-0.006856046120098701,0.007752980354694767
14.609999999999733,8.825587338309031,0.003985424081264468,-0.0019041405290524736,0.007429801842038788
14.619999999999733,8.813568714757464,0.0040822858303958326,-0.005932469571671537,0.008127940491646531
14.629999999999733,8.801195826397871,0.004136469481581982,-0.001520515535097371,0.00785068298678434
14.639999999999732,8.788481980832643,0.004204181214881199,-0.005396228543331169,0.00853076816120849
14.649999999999732,8.775435853460975,0.004253787745835184,-0.0037835138292939448,0.008568849115274946
14.659999999999732,8.762014098557454,0.004255915876928229,-0.0008870902120686321,0.008445862528811016
14.669999999999732,8.74830927196807,0.004373493350003369,-0.004228427434870612,0.0090607718818206
14.679999999999731,8.734328236238058,0.003813572358619054,-0.0036663380049671112,0.009208652044974754
14.689999999999731,8.720007657188706,0.005130233984065382,0.00027340947400684084,0.008935678293408932
14.699999999999731,8.705441498772274,0.0015643102689621752,-0.003273604057743613,0.009574863985088512
14.70999999999973,8.690639242108658,0.006002156307813593,-0.002903960340514861,0.009721912003938262
14.71999999999973,8.675543361054153,0.006201869939136394,-0.0017011612743160474,0.009772670616693846
14.72999999999973,8.660217231544305,0.0008766013957890206,-0.0014015092089621458,0.00993161389245013
14.73999999999973,8.644669331405849,0.006743801931356247,-0.0008622873043471599,0.010034084470987236
14.74999999999973,8.628921559959798,0.0018285787964834096,-0.0006163213062994901,0.010188394836930632
14.75999999999973,8.612999958139499,0.006603089565312551,-0.00026568657104497184,0.0103066410238103
14.76999999999973,8.596919132075925,0.0018616449716148326,-3.363656426483904e-05,0.010451411215972511
14.77999999999973,8.580693973099194,0.006319908409190973,0.0002755070199311848,0.010562485993792612
14.78999999999973,8.564336623444019,0.0015923751327203326,0.00046228828661767533,0.010699888039138114
14.799999999999729,8.547858772260202,0.0059577819592006726,0.0007484258922451042,0.010800153507784998
14.809999999999729,8.531270723157508,0.0013428315410280885,0.0008978955604177277,0.010928820093473084
14.819999999999729,8.514582947116171,0.0030978860676136193,0.0011153005127939814,0.011025013172619075
14.829999999999728,8.497763730454103,0.0025930332442993444,0.0012864674338664381,0.011126053094387143
14.839999999999728,8.4807862115811,0.005357351252773052,0.0014818995022157773,0.011217884433926191
14.849999999999728,8.463678144664305,0.0012855774046536556,0.0015767390916222696,0.011328737685104721
14.859999999999728,8.446441617723648,0.000935008427654302,0.001699389249076813,0.011411866180275348
14.869999999999727,8.429048423017056,0.005926949969572744,0.001864611593990899,0.011477044804335174
14.879999999999727,8.411539213330615,7.709055363840762e-05,0.0018952181783564747,0.011583769959122721
14.889999999999727,8.39391484627266,0.0003571740418093162,0.00197762253673789,0.011651847108382967
14.899999999999727,8.376133993522703,0.004992096783703956,0.0020877540210435274,0.011694910748115926
14.909999999999727,8.358238435673284,-0.0004227908235233065,0.0020881280443155984,0.011793425159204016
14.919999999999726,8.340228912081773,-0.0003265570001302696,0.0021292642865309887,0.011846895094688531
14.929999999999726,8.32206504422296,0.0004972737652344214,0.0021597001312659236,0.011735867830501652
14.939999999999726,8.303756264518148,0.00034684263909255024,0.002180994343967965,0.011869938060396885
14.949999999999726,8.28531342875822,0.00048408871649313184,0.002195080681078323,0.011988779790828049
14.959999999999726,8.266741427710068,7.184271235625106e-05,0.002185896512905886,0.011810673980321427
14.969999999999725,8.248042022663274,0.00012451726526776187,0.0021925804614970823,0.011966507245622886
14.979999999999725,8.229216202279733,-0.0002606055557239133,0.0021918464117877796,0.012108778031238481
14.989999999999725,8.210265768562662,-0.00029372722626894653,0.0021757036113325074,0.011917444107471604
14.999999999999725,8.191192026481128,-0.0005351992780872177,0.00216851363065653,0.012063540918414783
15.009999999999724,8.171997870439078,-0.0006830067896154303,0.002157573614629799,0.012198303417979717
15.019999999999724,8.15268575895204,-0.0008161226460459435,0.002126709081807838,0.011995344134844396
15.029999999999724,8.133259148407916,-0.000977602512224386,0.00210569219928236,0.012122475408200665
15.039999999999724,8.113721672943173,-0.0011070072890714264,0.002080267082358215,0.012245411732541157
15.049999999999724,8.094077444200009,-0.0012249444070892039,0.002034527313894691,0.01202987117122981
15.059999999999723,8.074331049111882,-0.0013397751739747542,0.0019976358621146,0.01210868894242043
15.069999999999723,8.054487457017249,-0.0014556345167646655,0.001958614440594145,0.012233289500309014
15.079999999999723,8.034552113721803,-0.0015392796280497133,0.0018996641038575611,0.012011711844826217
15.089999999999723,8.014530862083497,-0.001621109494692673,0.0018407323883403758,0.011874377662630844
15.099999999999723,7.994429983446693,-0.0017135236878652784,0.001793213794849847,0.012058331687091903
15.109999999999722,7.97425615925228,-0.0017800851487599512,0.0017275549007262866,0.01191104170869422
15.119999999999722,7.954016463387515,-0.0018384486369029285,0.001658218692273456,0.011748179636605328
15.129999999999722,7.933718348813346,-0.0019083554385486378,0.0016018510944874635,0.01192303966615817
15.139999999999722,7.9133696295564455,-0.0019543709354610268,0.0015285366042791415,0.011767745779691927
15.149999999999721,7.892978456984842,-0.001993564038511352,0.001452780072039671,0.011600358619918646
15.159999999999721,7.872553300938355,-0.0020437350600614767,0.001390559594527377,0.011763892933960171
15.169999999999721,7.852102927095291,-0.002071290703835368,0.0013120880362940492,0.01158607812962064
15.17999999999972,7.831636371534909,-0.002093470445756142,0.0012327251809838968,0.01140748120333511
15.18999999999972,7.811162917933571,-0.002125905667709481,0.0011673310906362426,0.011553126439191309
15.19999999999972,7.7906920729099145,-0.0021388063994517686,0.001086788769095552,0.01135575109465537
15.20999999999972,7.770233527797413,-0.0021566919981289147,0.0010064166367317014,0.011161069868240284
15.21999999999972,7.749797060011936,-0.0021941310744270056,0.0009396853028057546,0.011271116668663261
15.22999999999972,7.72939244048448,-0.0022244859301640382,0.0008599957517086113,0.011063632019700115
15.23999999999972,7.70902940492083,-0.002261466205459616,0.0007810605604160723,0.010855565830201568
15.24999999999972,7.68871764182788,-0.0023085794786285897,0.0007070179900680994,0.010733679395711758
15.25999999999972,7.668466787389674,-0.0023615129896894663,0.0006340185829039481,0.010605219601490848
15.269999999999719,7.648286420040099,-0.0024187662561592554,0.0005611332684162561,0.01044621453495961
15.279999999999719,7.628186055837518,-0.0024814634120749117,0.000490294077121013,0.010300530160530789
15.289999999999718,7.60817514522664,-0.0025486222191847155,0.0004212396676455992,0.01016033452466424
15.299999999999718,7.588263070225371,-0.0026188835544919565,0.0003518783129704168,0.010009162253172433
15.309999999999718,7.568459133900447,-0.002691748622269249,0.000281742016429312,0.009854878689505565
15.319999999999718,7.548772547969498,-0.0027664714511203684,0.00021074343647731932,0.009699112077096709
15.329999999999718,7.529212431239019,-0.0028421196830425346,0.0001381860800664229,0.009538367847716084
15.339999999999717,7.5097878116701615,-0.0029178919026126705,6.467431718864137e-05,0.009372335348986885
15.349999999999717,7.490507633986557,-0.0029930393945391746,-9.731736825540434e-06,0.00920158569231608
15.359999999999717,7.471380771869083,-0.003066829525288981,-8.503763132303171e-05,0.00902584199373752
15.369999999999717,7.452416046235341,-0.003138586005560553,-0.00016122621235623518,0.008844858826452737
15.379999999999717,7.433621943326197,-0.003207694079938853,-0.00023824915952449773,0.008658655807933438
15.389999999999716,7.415006335498838,-0.0032735999304614885,-0.0003160372618822583,0.008467292695321378
15.399999999999716,7.396577895623707,-0.0033358663501757637,-0.0003945244296178097,0.008270826467131075
15.409999999999716,7.378345244624172,-0.0033940952844038214,-0.00047361520376954853,0.008069340767852881
15.419999999999716,7.360316892009027,-0.003448360000190925,-0.000553196704697866,0.007862949797727534
15.429999999999715,7.342501239158987,-0.0034985132401352593,-0.0006331399792304748,0.007651785077737395
15.439999999999715,7.324906588651448,-0.0035443218491186144,-0.000713300679584904,0.007435991222285061
15.449999999999715,7.307541151596181,-0.003585608583186716,-0.0007935197519710334,0.007215724870781696
15.459999999999715,7.290413049613998,-0.0036222438869637184,-0.0008736243212397782,0.006991152743490489
15.469999999999715,7.273530312220645,-0.0036541415730499127,-0.0009534287952065117,0.006762449761785981
15.479999999999714,7.256900871551769,-0.0036812539637991687,-0.0010327361645170207,0.006529797691713244
15.489999999999714,7.2405325557437,-0.0037035666905743244,-0.0011113394761174508,0.006293384209581707
15.499999999999714,7.224433081626721,-0.003721093436827012,-0.0011890234597364054,0.006053402229656987
15.509999999999714,7.208610046975224,-0.0037338708024757805,-0.001265566285446277,0.005810049403570765
15.519999999999714,7.1930709223713,-0.003741953394531627,-0.0013407414299559087,0.005563527730642482
15.529999999999713,7.177823042685104,-0.0037454092201553817,-0.0014143196288957545,0.005314043211055576
15.539999999999713,7.162873598177728,-0.0037443154367659127,-0.0014860708926815772,0.005061805427441031
15.549999999999713,7.148229625245889,-0.003738754490899723,-0.0015557665673013258,0.004807026701854146
15.559999999999713,7.133897996838248,-0.0037288108336798373,-0.0016231843397560939,0.00454977501959701
15.569999999999713,7.119885412577159,-0.0037145712450739345,-0.0016881258861506767,0.004289123479203072
15.579999999999712,7.106198388621599,-0.0036961210878497528,-0.0017503762461649984,0.004025211641300316
15.589999999999712,7.092843247303798,-0.0036735374625381863,-0.0018097239974694326,0.003758491579603291
15.599999999999712,7.079826106568437,-0.0036468882033373,-0.001865971670119709,0.0034893410028667454
15.609999999999712,7.067152869248508,-0.003616231654728308,-0.0019189370871694593,0.0032180725033983436
15.619999999999711,7.054829212214917,-0.0035816165481817814,-0.001968453993217593,0.0029449759152948988
15.629999999999711,7.042860575436105,-0.0035430825797021937,-0.002014373133144767,0.0026703381202916967
15.639999999999711,7.03125215098723,-0.003500662182602002,-0.0020565634387951096,0.0023944534777235803
15.64999999999971,7.020008872058496,-0.003454384490591395,-0.0020949132635312887,0.002117622095578947
15.65999999999971,7.009135402009178,-0.003404283410020373,-0.0021293314562076983,0.0018401459666739536
15.66999999999971,6.998636123525084,-0.003350414969774622,-0.0021597482131780863,0.0015623268360551324
15.67999999999971,6.988515127931172,-0.0032929015030326338,-0.0021861157287846144,0.001284464418186322
15.68999999999971,6.978776204703123,-0.003232093624310425,-0.0022084086475309505,0.0010068545186255819
15.69999999999971,6.969422831107246,-0.0032387191274850188,-0.002226616498884378,0.0007297857988107304
15.70999999999971,6.960458085700076,-0.0035648639301177894,-0.0022407756116498423,0.000453025656290251
15.71999999999971,6.951884382351934,-0.003919971338905715,-0.002251054413199939,0.00017447260306580658
15.729999999999709,6.943703773399171,-0.004258931744297048,-0.0022575639627197487,-0.00010588863982990678
15.739999999999709,6.9359184814635135,-0.004578651802913009,-0.002260400504726071,-0.00038762776135465985
15.749999999999709,6.928530922766431,-0.004877291519401617,-0.002259668230330051,-0.0006703102662185631
15.759999999999708,6.921543572347636,-0.00515397252539922,-0.00225548536788897,-0.0009535390079558787
15.769999999999708,6.914958904702767,-0.0054082784127887544,-0.0022479815020116207,-0.0012369403620528774
15.779999999999708,6.90877939768476,-0.005639918860610013,-0.002237294366333322,-0.0015201448498718046
15.789999999999708,6.903007527982323,-0.005848556021004548,-0.002223569173703956,-0.0018027756139822023
15.799999999999708,6.897645745613616,-0.006033736138090813,-0.002206958505836655,-0.0020844442754698444
15.809999999999707,6.8926964492970235,-0.006194881056515506,-0.0021876211454683165,-0.002364750866229905
15.819999999999707,6.888161968458138,-0.006331312062828827,-0.002165720474419477,-0.0026432854113683604
15.829999999999707,6.884044542261731,-0.006442290405267119,-0.0021414232944200473,-0.0029196300658991294
15.839999999999707,6.880346292969503,-0.006527065284540511,-0.0021148988607009923,-0.003193361512131982
15.849999999999707,6.8770691979071366,-0.0065849238719996655,-0.002086317795067752,-0.003464053623338562
15.859999999999706,6.874215059423768,-0.006615240305241041,-0.0020558511792277074,-0.003731280455901754
15.869999999999706,6.871785469850646,-0.006617521753861895,-0.0020236700316604733,-0.0039946196016986055
15.879999999999706,6.86978177342425,-0.006591450049718645,-0.001989944904187006,-0.004253655873914534
15.889999999999706,6.868205026280585,-0.006536917929171724,-0.001954845646090723,-0.004507985265957042
15.899999999999705,6.867055952100876,-0.00645405932195984,-0.0019185415739102663,-0.004757219113292698
15.909999999999705,6.866334896376322,-0.006343272996223834,-0.0018812016724568724,-0.005000988355850327
15.919999999999705,6.866041780772196,-0.006205239284026121,-0.0018429948734583034,-0.005238947800606703
15.929999999999705,6.8661760523028414,-0.006040930056537404,-0.001804090874742419,-0.0054707803107723945
15.939999999999705,6.866736642052615,-0.005851610984872913,-0.0017646599466401437,-0.005696200734382543
15.949999999999704,6.867721912187179,-0.005638837909835858,-0.001724874377872206,-0.005914959620810444
15.959999999999704,6.869129620764083,-0.005404444938052749,-0.0016849076058721333,-0.006126846392271124
15.969999999999704,6.870956897059527,-0.005150526202446984,-0.001644933694759949,-0.006331691999845208
15.979999999999704,6.873200035858179,-0.004879422483193437,-0.0016051429232315766,-0.006529372426683772
15.989999999999704,6.875856064072882,-0.004593583879803388,-0.0015655893395902618,-0.006719796102615415
15.999999999999703,6.87890327349012,-0.004296845785710073,-0.0015280369446338245,-0.0069030867460678665
16.009999999999703,6.882820047498669,-0.003959758405693335,-0.0014477772961241453,-0.007074491055202393
16.019999999999705,6.884258856981571,-0.003835733203532903,-0.001673250138065715,-0.007272094822421718
16.029999999999706,6.895824813629207,-0.0028706192475634433,-0.0007560324568404262,-0.007333145706286714
16.039999999999708,6.893804270057865,-0.003499640070491239,-0.002010431416927267,-0.007636633271005952
16.04999999999971,6.893256213446388,-0.0030916512218843693,-0.0018755617732310373,-0.007781087437669091
16.05999999999971,6.909273825953003,-0.00173236520510337,-0.0003370517117555508,-0.007728601382270276
16.069999999999713,6.907854449895257,-0.0026317284786841464,-0.00200192253728421,-0.008085310259546251
16.079999999999714,6.9054730752677065,-0.002362442594818832,-0.00210139644850129,-0.008242168091343118
16.089999999999716,6.922477117501158,-0.0008736684647951311,-0.00021355301838004988,-0.0080984841148926
16.099999999999717,6.935639525691411,-0.0008437754501090031,-0.0005660957543604561,-0.008259353393330122
16.10999999999972,6.92946222264251,-0.0018124207270589527,-0.0025363371504197353,-0.008680826647054196
16.11999999999972,6.941534041200994,-0.0004648776160457155,-0.0006224350160062904,-0.008493911300012579
16.129999999999722,6.9562015588164625,-0.00020798517533403345,-0.0004081007792675267,-0.008558576398848886
16.139999999999723,6.950308059945202,-0.0011989059076679257,-0.0025993230436606213,-0.009031326058751829
16.149999999999725,6.961650582269657,2.5266771866604447e-05,-0.000721994805453538,-0.008808535257385224
16.159999999999727,6.976451081873085,0.00025764860490403525,-0.00042189642730698624,-0.008844304969351015
16.169999999999728,6.970744565076074,-0.0006194631743785118,-0.002676405364814781,-0.009345547408122868
16.17999999999973,6.98325336192058,0.0004744246580186496,-0.0006243696002523212,-0.009052775609561128
16.18999999999973,6.997745444179035,0.000568593846210816,-0.0004767490876370363,-0.009104208873562811
16.199999999999733,6.991968194531671,-0.00010999694628036195,-0.002752230073291634,-0.009623705131722369
16.209999999999734,7.0054109863319916,0.0007168551588588027,-0.000533599564598256,-0.009265040760485576
16.219999999999736,7.019913687435417,0.0007758456924261497,-0.0004951025136948839,-0.009328218723842147
16.229999999999738,7.014271590624716,0.0003877792501158907,-0.0027746423876289883,-0.009854192809227601
16.23999999999974,7.028258792873766,0.0007491052075699042,-0.0004741083794642907,-0.009454967697954567
16.24999999999974,7.04293468236815,0.0009008414510459413,-0.0004922915453035144,-0.009520945715380378
16.259999999999742,7.0378097359088905,0.0011792147691366607,-0.0027019489809972305,-0.009893245608118337
16.269999999999744,7.05202414222027,0.0004933532494118144,-0.00045264283733455494,-0.009545938503213057
16.279999999999745,7.066839753436079,0.0008024288218044331,-0.0005010298624421335,-0.00968820337704727
16.289999999999747,7.06312081850182,0.0050845159951345385,-0.0023793260484845377,-0.00994498398406431
16.29999999999975,7.077063726734368,-9.729541228010269e-05,-0.00048695215686400813,-0.0096755385738389
16.30999999999975,7.091710147914874,1.876433048333057e-05,-0.0005818997030668547,-0.009855113511109816
16.31999999999975,7.100815009390891,0.0007121625609151645,-0.0008766483286802555,-0.00975906499698543
16.329999999999753,7.1107106907909765,0.00032603804932042867,-0.0008101808218564235,-0.009907334655543509
16.339999999999755,7.122127591032703,0.004509411503938411,-0.0006830460733974574,-0.010031936152702549
16.349999999999756,7.13190798885427,-1.203313855780733e-05,-0.000993092980005737,-0.009927725382793351
16.359999999999758,7.141476591352363,5.2025562614281644e-05,-0.0009875023847909937,-0.010086000676570542
16.36999999999976,7.1517135730782435,0.0005918305377942367,-0.0009640199608596369,-0.010229571648591493
16.37999999999976,7.161526925870052,0.004439504303714936,-0.00083028658646511,-0.010010740311566678
16.389999999999763,7.171135451066171,-0.0002671783672367442,-0.0009792578778066653,-0.010191264315615482
16.399999999999764,7.1809299009291205,1.563012635449912e-05,-0.0009806071892454354,-0.010329491090070343
16.409999999999766,7.190707560500396,0.004356590897519548,-0.0007399632266431754,-0.010072191464571941
16.419999999999767,7.200417348689142,-0.00043135040676739754,-0.0009538817836490416,-0.01025081007808958
16.42999999999977,7.21015368418091,0.00010744403289644209,-0.0007693656170648524,-0.0103328719915696
16.43999999999977,7.21996435050138,0.004221968481408474,-0.0008807999731846377,-0.010150653225966068
16.449999999999772,7.229785627316121,-0.0005261346749213436,0.0018243685540985017,-0.009570822588703363
16.459999999999773,7.239573474768117,0.00355100158043506,-0.0024128831286410707,-0.010741818426164229
16.469999999999775,7.249387824236031,-0.0006792206504409996,-0.002503889886528938,-0.010552180455055741
16.479999999999777,7.259327832761508,0.0035181211203508546,0.001976315049528916,-0.009330176174970749
16.489999999999778,7.269307809128686,-0.0007104414101009517,-0.003321039194046168,-0.010820399170377642
16.49999999999978,7.2793232172397895,0.00343868671616728,-0.0019620129165704063,-0.010361578552674425
16.50999999999978,7.289474855591454,-0.00029607577842971026,0.001571546262482791,-0.009345593913624826
16.519999999999783,7.2996761165476585,0.0028938340922757006,-0.0032921628131933234,-0.010714650718042132
16.529999999999784,7.309938817209056,0.002409535616456014,0.0013133410594628268,-0.009484314996822747
16.539999999999786,7.320258419004332,-0.0009993614263875642,-0.0036647447176962455,-0.010528745074290325
16.549999999999788,7.3306860236048115,0.0029240283772999547,0.0012118818992020559,-0.009522069226684683
16.55999999999979,7.341224923448133,0.0028455779587759876,-0.00011020186099746851,-0.009701884127813684
16.56999999999979,7.351763917102359,-0.0013474807439423893,-0.0011589153926556215,-0.009798344063206054
16.579999999999792,7.3623901713804045,0.0033629969728806975,-0.0032256545589756463,-0.010450334431797327
16.589999999999794,7.373176129865064,0.002859857736349979,0.0006153403998321581,-0.00937087014338883
16.599999999999795,7.384042397921994,0.0016157412000436583,4.986610784572473e-05,-0.009342617663669369
16.609999999999797,7.394937688166337,0.002039008855988014,-5.605713905496967e-05,-0.009528334055162818
16.6199999999998,7.405890674952158,0.0005763240460834714,-0.005140850304062071,-0.010526441219951043
16.6299999999998,7.41701701444238,0.002471545060652101,0.0008866637610743435,-0.008933733347953861
16.6399999999998,7.428300882694537,0.0017296584437822865,0.0006193976880668901,-0.009138999941169956
16.649999999999803,7.439617321013556,0.0016896820815650087,0.00010760777697973686,-0.009066189673113506
16.659999999999805,7.450984859007617,0.002058161673363981,-0.0003014381890202527,-0.008965562039362657
16.669999999999806,7.462430043009104,0.001603982438469763,-0.00026898255808511,-0.009057781990124124
16.679999999999808,7.473966430440996,0.0021544457740854187,-0.00038370024357570946,-0.008884244140250736
16.68999999999981,7.485595467562856,0.0018725458409647117,-0.00029759297138181446,-0.008665380417972074
16.69999999999981,7.4973193151443205,0.0021572290270749513,-0.000276025959800117,-0.008551436278689244
16.709999999999813,7.5091752947391495,0.002094163862082678,-0.00018899624450395265,-0.008409059133557687
16.719999999999814,7.521170459543385,0.0022220892151110765,-0.00011082029888606864,-0.008243967655316643
16.729999999999816,7.533301510494645,0.0022571385240760587,-1.7363560170602886e-05,-0.008096328613658369
16.739999999999817,7.545565817392222,0.0023275052906335126,7.878928973114864e-05,-0.007952532800200545
16.74999999999982,7.557962753120976,0.0023808137151921952,0.0001788781229700677,-0.007796550700957893
16.75999999999982,7.570491998681556,0.0024366562976292504,0.0002822944647478506,-0.00764200874328286
16.769999999999822,7.58315313391914,0.0024869204926160566,0.000388391790802463,-0.007487937645593999
16.779999999999824,7.595945373957703,0.002534544869902588,0.0004960777030283373,-0.0073285855968779155
16.789999999999825,7.608867647712228,0.002578105102689006,0.0006047589094296214,-0.007166329520119878
16.799999999999827,7.62191864744107,0.002617465133690096,0.0007137943186731162,-0.007002009848142299
16.809999999999828,7.6350968805556185,0.0026523753148426214,0.0008224460469438684,-0.006834400893653907
16.81999999999983,7.6484006983207,0.0026825831316452386,0.0009300583213260728,-0.006663597871094509
16.82999999999983,7.661828318391382,0.002707791520778227,0.0010360011023362917,-0.006490010236105641
16.839999999999833,7.675377843783735,0.0027277692771978173,0.001139628586923451,-0.0063136407927528275
16.849999999999834,7.689047280781335,0.0027423118905065763,0.0012403018881991972,-0.006134544197304713
16.859999999999836,7.702834555733929,0.0027512576462700293,0.0013373925749971876,-0.005952903423862856
16.869999999999838,7.716737530485125,0.002754577917705723,0.0014302750110823039,-0.005768890348386434
16.87999999999984,7.730754015542521,0.002760643424395012,0.0015183779287239085,-0.005582652165825317
16.88999999999984,7.74488170725405,0.0029997235844746594,0.0016024044033826686,-0.005394143125233893
16.899999999999842,7.759116107552485,0.003347587926190231,0.001680566796063156,-0.005204611403974703
16.909999999999844,7.7734496631774395,0.00368690075147548,0.0017514117585873392,-0.005014852133044729
16.919999999999845,7.787874075013545,0.00401439412850383,0.0018191423230258625,-0.004824090887745361
16.929999999999847,7.802381456450498,0.0043296922240288315,0.0018962834154380096,-0.004630175727220759
16.93999999999985,7.8169641016693365,0.0046334580347169,0.001983588820015158,-0.0044332425154020695
16.94999999999985,7.831614208122292,0.004926075590625331,0.0020807966275301643,-0.004233610644126646
16.95999999999985,7.846323829523513,0.00520751028931628,0.002187297424118452,-0.004031631251767941
16.969999999999853,7.861084902428605,0.005477344071885453,0.0023021649152354267,-0.003827699282036404
16.979999999999855,7.875889307306324,0.005734842635981726,0.002424194218528189,-0.0036222505272815084
16.989999999999856,7.890728946491501,0.005979020116213911,0.0025519488944094355,-0.003415746753212803
16.999999999999858,7.905595830686323,0.006208696869423166,0.002683817750631329,-0.0032086595381203803
17.00999999999986,7.920482169691792,0.006422551788374984,0.002818078534814166,-0.003001454948080204
17.01999999999986,7.9353804641534715,0.006619171132693334,0.002952963623076518,-0.0027945786345862115
17.029999999999863,7.950283595183641,0.006797095261341286,0.003086722535475075,-0.0025884415523263976
17.039999999999864,7.965184908684056,0.006954879050827451,0.0032176686532699164,-0.002383193551514398
17.049999999999866,7.980078291333492,0.00709114026894547,0.003344221477061425,-0.0021786251115570032
17.059999999999867,7.994958235543333,0.007204535265166552,0.003464975391586781,-0.0019750867033657624
17.06999999999987,8.009819891155736,0.0072938444228209985,0.0035786963276619134,-0.0017728891875347145
17.07999999999987,8.024659102171736,0.007358019578355851,0.0036843305487076574,-0.0015722035839004335
17.089999999999872,8.039472427289233,0.007396215474557576,0.00378106701853657,-0.00137309758500826
17.099999999999874,8.054257142849696,0.007407817591097741,0.0038684963642553207,-0.0011755507700588778
17.109999999999875,8.069011225440677,0.007392466971495615,0.003946183267576226,-0.0009795229490006602
17.119999999999877,8.083733317856776,0.0073500802358380905,0.004013688861879806,-0.0007849463419399836
17.129999999999878,8.098422683959342,0.00728086330864211,0.004070673305682588,-0.0005917127540441958
17.13999999999988,8.113079151478349,0.007185318621138476,0.004116887789689469,-0.00039967788406393195
17.14999999999988,8.127703042387534,0.0070642457354034216,0.004152161366061159,-0.00020866759247150025
17.159999999999883,8.142295092386997,0.0069187355762191875,0.004176387332900128,-1.8484593052413365e-05
17.169999999999884,8.156856361531357,0.006750158597964777,0.004189510194018659,0.00017108485188235023
17.179999999999886,8.171388138305824,0.006560147343180882,0.004191513675112981,0.0003602643391383301
17.189999999999888,8.18589183959532,0.006350573932096744,0.00418241006608066,0.0005492809153152924
17.19999999999989,8.200368909058774,0.0061235230559115875,0.004162231060693747,0.0007383589515819286
17.20999999999989,8.214820716431941,0.005881261047659088,0.004131020242830619,0.0009277144070100824
17.219999999999892,8.229248460257647,0.00562620156950961,0.004088827438580288,0.001117549574817421
17.229999999999894,8.243653076546194,0.005360868431467056,0.00403570535591467,0.0013080483924815924
17.239999999999895,8.258035156161002,0.005087856044790602,0.003971709418721442,0.001499372385711467
17.249999999999897,8.272394875876692,0.004809788030837484,0.003896902881324393,0.001691657311081206
17.2599999999999,8.286731914190922,0.004529275172197179,0.0038113711395754077,0.0018850105156651572
17.2699999999999,8.301044779031807,0.004248883600734169,0.0037152438849379237,0.0020795086005819647
17.2799999999999,8.315331911233223,0.003971062194974092,0.003608877566549649,0.002275200035121862
17.289999999999903,8.329591327233102,0.0036981179243947573,0.0034979285228217663,0.002472232962191973
17.299999999999905,8.343820329224085,0.003431584468595605,0.003763104287121378,0.0026784952395359023
17.309999999999906,8.358012331452118,0.003173581217408295,0.004280108142463516,0.002882662097049454
17.319999999999908,8.372155113289677,0.0029262777242769463,0.004795440851976294,0.003075960472385051
17.32999999999991,8.386234552373084,0.002691153751985379,0.005304596864770653,0.0032586735997184664
17.33999999999991,8.40023717854169,0.002469366302302112,0.005803671277464392,0.003431362015569265
17.349999999999913,8.414150308658767,0.0022617811972292278,0.0062891616716930065,0.003594381801800466
17.359999999999914,8.427961979272673,0.002068989976480097,0.006757841668027881,0.0037480089013553065
17.369999999999916,8.441660915810308,0.0018913267280691486,0.0072066190602374566,0.003892593090154109
17.379999999999917,8.45523657928963,0.0017288813195277383,0.007632422124375282,0.004028605870334768
17.38999999999992,8.468679263713609,0.001581501506896879,0.008032130952075667,0.004156627701154362
17.39999999999992,8.48198021121516,0.001448721271909581,0.008402554808345676,0.004277325069878444
17.409999999999922,8.495131723667004,0.0013339198934363013,0.008740452395599027,0.004391434708192302
17.419999999999924,8.50812726946666,0.0012347817180916971,0.009042580927379276,0.004499728312805841
17.429999999999925,8.520961574379616,0.0011481229985199288,0.009305767577557564,0.004603027426305754
17.439999999999927,8.533630676228492,0.0010732930088201897,0.009527003368756995,0.0047021979555390584
17.44999999999993,8.546131953792093,0.0010094789540339322,0.00970354189764665,0.004798116220144492
17.45999999999993,8.558464134318351,0.0009558191675733516,0.009832999223869448,0.004891646068557095
17.46999999999993,8.570627272471711,0.0009114280693169384,0.00991344743040379,0.004983619182506169
17.479999999999933,8.58262269829183,0.0008754100697825301,0.009943495672085717,0.005074815433449309
17.489999999999934,8.594452933307116,0.0008468706639441967,0.009922353684868209,0.005165943343616182
17.499999999999936,8.606121575412384,0.000824925856839246,0.00984987423121684,0.005257622385963934
17.509999999999938,8.617633154413172,0.0008087100920589877,0.009726572637176554,0.005350368553643558
17.51999999999994,8.628992961302899,0.0007973827962614319,0.009553623304658296,0.005444583784057988
17.52999999999994,8.640206855384196,0.0007901337012875775,0.009332834731856967,0.005540549354498571
17.539999999999942,8.651281054216511,0.0007861871244372168,0.00906660601043098,0.005638423233794566
17.549999999999944,8.662221912029848,0.0007848053702859357,0.008757868877651552,0.00573824121439761
17.559999999999945,8.673035692644245,0.0007852913906350478,0.008410020104387681,0.005839921355974939
17.569999999999947,8.683728343071003,0.0007869908007070012,0.008026849254586757,0.005943271019532279
17.57999999999995,8.694305273861007,0.00078929332180507,0.00761246663910821,0.006047995696361929
17.58999999999995,8.704771151944124,0.0007916336962395208,0.007171235595312259,0.006153708862320648
17.59999999999995,8.715129711215825,0.0007934921005781676,0.0067077120596818795,0.006259942122403347
17.609999999999953,8.725383585529322,0.000794394074457067,0.006226592798410951,0.006366155067702861
17.619999999999955,8.735534168082532,0.00079390997691072,0.005732671716125776,0.006471744610112855
17.629999999999956,8.745581500479476,0.0007916539852968597,0.005230801552869827,0.006576053806644356
17.639999999999958,8.755524194019957,0.0007872826643871126,0.004725856330517457,0.006678380513466711
17.64999999999996,8.765359385004693,0.0007804931407934386,0.004222688586556482,0.006777986889070533
17.65999999999996,8.775082725018194,0.000771020962011003,0.003726075186845948,0.006874109371984454
17.669999999999963,8.784688406227179,0.0007586376129443727,0.0032406471406686128,0.006965975974518819
17.679999999999964,8.794169220690417,0.000743148837849949,0.0027708001250670547,0.007052782748106238
17.689999999999966,8.803516651516336,0.0007243756397022805,0.002320614161586276,0.007134374275602473
17.699999999999967,8.812720992468893,0.0007037000859374215,0.0018917724517931128,0.007155011225360767
17.70999999999997,8.82177149121339,0.0006753358716822985,0.0014944016970501166,0.007311818006054227
17.71999999999997,8.830656511303578,0.000649726560175952,0.0011182573018906987,0.007252493979216157
17.729999999999972,8.839363706807662,0.0006135023245337994,0.0007804096415758659,0.007401406298448953
17.739999999999974,8.847880200872236,0.0005719437137076708,0.00047528257098160796,0.007572108808722039
17.749999999999975,8.856192767312516,0.0005386793880577155,0.0001899245976409722,0.007425448823242215
17.759999999999977,8.86428800505662,0.0004970573957005464,-5.909598272161806e-05,0.007401612157120495
17.76999999999998,8.872152493700382,0.0004402677222170025,-0.00026729563180165485,0.007625195283675853
17.77999999999998,8.879772955389939,0.00039399163378745487,-0.00045925200980269257,0.007512123109137854
17.78999999999998,8.887136383892743,0.0003435283388928807,-0.0006228484659857136,0.007421062951340058
17.799999999999983,8.894230145129482,0.00027362793365697983,-0.0007477369108879924,0.007643960799756587
17.809999999999985,8.901042141452525,0.00021477776311240203,-0.0008612496633642016,0.0075602562297078044
17.819999999999986,8.907560752841237,0.0001558839453874129,-0.0009556431347083512,0.007423828638971378
17.829999999999988,8.913775222663872,7.529959594384569e-05,-0.0010165252178450802,0.007622596354407833
17.83999999999999,8.9196749317056,7.882066134759526e-06,-0.0010727348848576397,0.007513077349346788
17.84999999999999,8.925252025550563,-5.940636057902723e-05,-0.0011157198693906348,0.0073604068982449
17.859999999999992,8.930488274836273,-0.0001488630267146448,-0.0011304636953725542,0.007538809039299524
17.869999999999994,8.935461072962443,-0.000225437077840757,-0.0011512866547834124,0.007389911586218348
17.879999999999995,8.935731660442718,-0.00011680708196650672,-0.0009547902994835872,0.007192129580186159
17.889999999999997,8.944885929109514,-0.0005590533761082,-0.0013544246894456901,0.007421345533302317
17.9,8.941793216894926,-0.00019738626257618155,-0.0008068205021928446,0.007153781061203949
17.91,8.949239225091988,-0.0007662377494381536,-0.0012904257042225436,0.00705548082069027
17.92,8.960204145604868,-0.0007941437932346267,-0.0014162892257841664,0.0072258748637259885
17.930000000000003,8.952185411078956,-0.00236079990590753,-0.0006157094081359796,0.00689639718543475
17.940000000000005,8.960378896334126,-0.00017575336541777312,-0.001283546173361145,0.006826871653025674
17.950000000000006,8.971494080098886,-0.00044420061340190605,-0.0013736938219626933,0.006960645255289314
17.960000000000008,8.962379532076264,-0.0004982393555391621,-0.0004924784369857355,0.006600796142216398
17.97000000000001,8.957404033851336,-0.00019244189364373522,-0.0006663115510495668,0.006427116153713306
17.98000000000001,8.971037728244218,-0.0012501586741870399,-0.001417912808169039,0.006495591563336338
17.990000000000013,8.96774034876743,-0.003629617512271636,-0.0007814545154869938,0.006235508350000667
18.000000000000014,8.960159377551845,0.0001760920449897897,-0.0005004787342225559,0.006039422991550403
18.010000000000016,8.973042474981467,-0.0006752066080183136,-0.0013400592628794198,0.006079841715104874
18.020000000000017,8.978844599373817,-0.0037813799766114845,-0.0011327647297688088,0.005905658807726643
18.03000000000002,8.969211138588669,-9.085812378032746e-05,-0.0004218138334100175,0.0056542193929891744
18.04000000000002,8.965620641524207,-0.0002707292198241298,-0.0006923618583178034,0.0055778165658114855
18.050000000000022,8.977523652411834,-0.0034615549286186654,-0.0013296256763195974,0.005554662765204442
18.060000000000024,8.969373925387366,-0.0014806327503706534,-0.0005218294614456285,0.0052839353216191905
18.070000000000025,8.96163663117252,-0.00033409697396964407,-0.0005337738418972017,0.00515551284178452
18.080000000000027,8.973812795364966,-0.0014057727277110555,-0.0013352944331587921,0.00515866668622497
18.09000000000003,8.966284815540972,-0.004621868534722762,-0.0006483151440829357,0.004892647103878912
18.10000000000003,8.957665519235961,-0.000807132453899355,-0.0005769666501255738,0.004749920553276337
18.11000000000003,8.968997366163189,-0.0013106080271096817,-0.0013908954723528544,0.004754314882380334
18.120000000000033,8.960696571107702,-0.00483378854981184,-0.0007034709954921861,0.004473188602616404
18.130000000000035,8.951520083824574,-0.003324802033372827,-0.0007056221792804335,0.004334860452951688
18.140000000000036,8.96192347256157,-0.0007764565184662774,-0.0014982432120586398,0.004338084344928328
18.150000000000038,8.9528245103287,-0.004444530526521326,-0.0007801281581822778,0.004040285759175774
18.16000000000004,8.942982065494409,-0.0006831791678220406,-0.0007744012495809865,0.003887810249439742
18.17000000000004,8.95194462936824,-0.003982218454433441,-0.0017231853857776964,0.00390920509989511
18.180000000000042,8.942390440667285,-0.00478807126496556,-0.0009292345026421447,0.003598575053594921
18.190000000000044,8.931976964786323,-0.0005316449375077213,-0.0009504217392626155,0.0034466583420193968
18.200000000000045,8.92997695365779,-0.003920852239801597,-0.00142777053518003,0.0033692264115053002
18.210000000000047,8.922439973078701,-0.004999894338382259,-0.001250409800336063,0.0031710337237059677
18.22000000000005,8.914146868242923,-0.0005470180942570155,-0.0013001406971093565,0.003020565301119951
18.23000000000005,8.910016471250094,-0.005235695995935943,-0.0016981513687262,0.0029244068665158713
18.24000000000005,8.902541327300373,-0.0046734518590314834,-0.0016480304020017906,0.002749566502349599
18.250000000000053,8.89498195323645,-0.0011441274435679593,-0.0017761293456606628,0.0026096043846767754
18.260000000000055,8.889254214278198,-0.005056686437030323,-0.0020476745007314274,0.0024871687404634324
18.270000000000056,8.881894171546726,-0.005053504524552044,-0.0021332054303832676,0.0023358276955875398
18.280000000000058,8.874360808058604,-0.004145502433409756,-0.002301016083776058,0.0022016999158844808
18.29000000000006,8.86730286781104,-0.004012603435579213,-0.002424685460305706,0.0020550065101307725
18.30000000000006,8.859644042876587,-0.004290575651700285,-0.0026154780547030894,0.0019202814635534047
18.310000000000063,8.851691312193061,-0.0036540989401926084,-0.002733723154039872,0.0017723042645710388
18.320000000000064,8.843682573500777,-0.004579719344494568,-0.002875845521656424,0.0016278461723191369
18.330000000000066,8.835387878064603,-0.003932265885695298,-0.003074260108867211,0.0014954048151257881
18.340000000000067,8.82679822863082,-0.004509919637970564,-0.0031387462222934818,0.0013357556985474695
18.35000000000007,8.817978104869558,-0.004197742253691828,-0.003424943813898404,0.0012198438096018755
18.36000000000007,8.808900411280673,-0.004420790150534556,-0.003226690996300516,0.0010099712157837215
18.370000000000072,8.799552133251998,-0.004350808418445803,-0.006358478557121342,0.00144248057728494
18.380000000000074,8.789883155426105,-0.0044010622674370125,-0.002195205866688994,0.00046859507795044973
18.390000000000075,8.779915414531505,-0.004400117304490242,-0.0023621623320277344,0.0003329053963089397
18.400000000000077,8.76974877635759,-0.0044077650217179765,-0.006600866639787012,0.0009758026129056628
18.41000000000008,8.759295402130608,-0.0044065437670862085,-0.0018465827511811397,-0.00010078631474143876
18.42000000000008,8.748545595448409,-0.004394900518196319,-0.0029771881929561653,-5.023000985156776e-05
18.43000000000008,8.737598960353802,-0.0043790548074105935,-0.006181684396314278,0.00039185833633342067
18.440000000000083,8.726377657924012,-0.00435348550288248,-0.002025129427268059,-0.0005568956283579376
18.450000000000085,8.714886553240525,-0.004323258873319965,-0.005909582145671052,1.0729017071797655e-05
18.460000000000086,8.703150379461347,-0.004281607114486323,-0.0019033686200570716,-0.0008970982493872427
18.470000000000088,8.691179660257907,-0.004238295171869844,-0.005844075843311597,-0.00032153898928718094
18.48000000000009,8.678980158106208,-0.004185829721304999,-0.004679683132620548,-0.0006947133326302765
18.49000000000009,8.666499151807006,-0.004123252622982602,-0.0018291774162767158,-0.0013721704027923266
18.500000000000092,8.653824696567096,-0.004060118681668313,-0.005165576133657433,-0.000908861650690571
18.510000000000094,8.640964334122568,-0.003988227151522965,-0.005234647925206648,-0.0010461250840087216
18.520000000000095,8.6278464146567,-0.003904929654738621,-0.0010712763872469235,-0.0019451926952695675
18.530000000000097,8.614557864229173,-0.0038234014383095438,-0.00542012336473125,-0.001300537165219021
18.5400000000001,8.601113167379895,-0.0037616992880726936,-0.005191146685269238,-0.0014821022878900737
18.5500000000001,8.587428678194213,-0.004078348239055617,-0.004322736900797001,-0.0017770069236325483
18.5600000000001,8.573524540310018,-0.004509691129948337,-0.004105370458297428,-0.0019470373457603199
18.570000000000103,8.559429861820687,-0.004924594525692745,-0.00393061275256831,-0.0021053489522795048
18.580000000000105,8.545153215807014,-0.0053189664957878175,-0.0038620899086598865,-0.002243825365150186
18.590000000000106,8.530696491881402,-0.005693276777394196,-0.00380478919042075,-0.002376302080372028
18.600000000000108,8.51606016347771,-0.00604853462719707,-0.00374161575400468,-0.002505647804581559
18.61000000000011,8.501246071737835,-0.006385157239431921,-0.003692880774081626,-0.0026295879086027057
18.62000000000011,8.486231553364519,-0.006702370239062187,-0.003627507702286654,-0.0027527085753481727
18.630000000000113,8.470989281729713,-0.006999334610937833,-0.003561045767302017,-0.0028719115534399505
18.640000000000114,8.455524827351969,-0.007275479360783743,-0.003560847514522322,-0.0029765386980956906
18.650000000000116,8.439843314885055,-0.007529599649682777,-0.003920110508250156,-0.0030190607526456477
18.660000000000117,8.423939357992369,-0.007759478172225415,-0.004319663124363735,-0.003053901728063127
18.67000000000012,8.407798884763203,-0.007962804310258705,-0.004702652663991451,-0.003091160192690537
18.68000000000012,8.39140844473421,-0.008137626556905662,-0.005068458902621901,-0.0031294890869425105
18.690000000000122,8.374757243217964,-0.008281767737695823,-0.0054206176172822695,-0.0031705278845302843
18.700000000000124,8.357836799994445,-0.008393531406494376,-0.005760389689571974,-0.0032135422298122107
18.710000000000125,8.340640496192927,-0.008471539251694485,-0.006088164808865781,-0.003256971092830152
18.720000000000127,8.323163405407708,-0.008513837000096763,-0.006403891217744797,-0.0033075940155817656
18.73000000000013,8.30540229329539,-0.008521015970359102,-0.006706174473372655,-0.0033501852378964012
18.74000000000013,8.287355671393547,-0.008489248192305026,-0.006995000146100615,-0.003417176430946018
18.75000000000013,8.269023849666917,-0.008433237910712451,-0.007263645155505138,-0.0033591362433791727
18.760000000000133,8.250408972767362,-0.008320108813262301,-0.007521923034840993,-0.003506300014594313
18.770000000000135,8.231515039330539,-0.00817243592615744,-0.007760249920949421,-0.003641161243361117
18.780000000000136,8.212347900025193,-0.008016555128831681,-0.007968890346071723,-0.0035135870252426434
18.790000000000138,8.192915239708794,-0.007794907466592177,-0.00816467411612016,-0.00371820324989601
18.80000000000014,8.173226544542747,-0.007543262830683842,-0.008334601685193115,-0.003911430129253497
18.81000000000014,8.15329304796144,-0.007294266188543003,-0.008468587487035271,-0.003788458731228994
18.820000000000142,8.133127659083442,-0.006988049902587903,-0.008582750013114654,-0.0039891805852538716
18.830000000000144,8.11274487503796,-0.006656599316193425,-0.00866685646644469,-0.004210687771602292
18.840000000000146,8.092160675217212,-0.006336782331776001,-0.008711680120888599,-0.004103387344661342
18.850000000000147,8.071392399909469,-0.005976442257713397,-0.008730090735332813,-0.004248684029230535
18.86000000000015,8.050458615038002,-0.005592163393164129,-0.008717480513920848,-0.004505493094847957
18.87000000000015,8.02937896336603,-0.005229603969222239,-0.008665003511338866,-0.004420648278978339
18.88000000000015,8.00817400468424,-0.004852772305882721,-0.008581344494603156,-0.004418460224531987
18.890000000000153,7.986865049237593,-0.004445394049937333,-0.00846967339485038,-0.004717695837498016
18.900000000000155,7.965473985116321,-0.004064049036818181,-0.008321744264151141,-0.004725353747967039
18.910000000000156,7.9440230996908126,-0.0036910002868719037,-0.008142998287465364,-0.004676331887790073
18.920000000000158,7.922534902713142,-0.003295398173290048,-0.007938872439566931,-0.004963428776629655
18.93000000000016,7.90103195224839,-0.002919134076587,-0.007706042581565347,-0.005134213575541711
18.94000000000016,7.879536684996849,-0.0025789917789277553,-0.007446343380892693,-0.00501110740975691
18.950000000000163,7.858071256130067,-0.00224338497123139,-0.00716519243110222,-0.004994369698386084
18.960000000000164,7.836657393977083,-0.0019018684403892623,-0.006864881407705683,-0.0052449961991556425
18.970000000000166,7.815316266111247,-0.0016041234988593484,-0.006546281905077772,-0.0051490464164198144
18.980000000000167,7.794068353967906,-0.0013236769698816745,-0.006213853127585312,-0.005058335474566187
18.99000000000017,7.772933345361391,-0.0010383357267171912,-0.005869418799590002,-0.00528719792292934
19.00000000000017,7.751930040404491,-0.000796265548968422,-0.005516977640945768,-0.005182439922128003
19.010000000000172,7.7310762738248,-0.0005750251294452165,-0.0051595463173570565,-0.0050517791738545455
19.020000000000174,7.710388855507685,-0.0003508061748193686,-0.0047972077268105175,-0.005246415335886941
19.030000000000175,7.689883523582815,-0.0001675232784513273,-0.004436975787474872,-0.005106174635775825
19.040000000000177,7.6695749144346825,-3.240562431737382e-06,-0.004080071687400781,-0.004946457220833507
19.05000000000018,7.6494765493379075,0.00016376942002224813,-0.0037301663203484323,-0.005111452868822904
19.06000000000018,7.62960077345076,0.0002938751940127762,-0.003393396847867231,-0.004935905203035323
19.07000000000018,7.6099587576472745,0.0004084843034647305,-0.00306689057061752,-0.004751111416023322
19.080000000000183,7.59056059411778,0.0005268271122365708,-0.0027468206053676046,-0.0048914299900638105
19.090000000000185,7.5714153528193915,0.0006134967631681479,-0.002445417297413191,-0.004688326744581928
19.100000000000186,7.552531123824151,0.0006885157659070613,-0.0021592932663200806,-0.004483141621014721
19.110000000000188,7.533915070047734,0.0007686139414825028,-0.0018824496722147312,-0.004603197849796198
19.12000000000019,7.515573484809023,0.0008227285162335957,-0.0016291114608339395,-0.004381620904798579
19.13000000000019,7.497511857651281,0.0008688167762651805,-0.0013935867301320675,-0.004162435520701558
19.140000000000192,7.47973494768959,0.0009210678336942189,-0.001167950054542506,-0.0042656052803017415
19.150000000000194,7.462246858111195,0.0009529792373831749,-0.0009680477730528357,-0.004034431262826869
19.160000000000196,7.44505112163123,0.0009799882225914487,-0.0007862087049939726,-0.003807727827917071
19.170000000000197,7.42815054680134,0.0010136725303817292,-0.0006129575379481544,-0.0038943604835994976
19.1800000000002,7.411547111995533,0.001032356189645577,-0.0004652692867060412,-0.0036620681155803687
19.1900000000002,7.39524308590922,0.0010486484997429082,-0.00033410060864729624,-0.0034339108707369666
19.200000000000202,7.379240445118844,0.0010713767898491537,-0.00020916920584275123,-0.0034964289524537324
19.210000000000203,7.363540882747709,0.0010842375112544078,-0.00010750624889631127,-0.003273010401235475
19.220000000000205,7.3481458766364725,0.001096556489223131,-1.9741356086122244e-05,-0.0030503783234580835
19.230000000000206,7.333056760165367,0.0011113571677263633,5.963227109280222e-05,-0.0029419401071281524
19.240000000000208,7.318274778210163,0.0011252254617026684,0.0001263171370933439,-0.0027903853347208615
19.25000000000021,7.303801132628559,0.0011394284439224666,0.00018226043484345717,-0.0026284550735446886
19.26000000000021,7.289637017719314,0.0011553472031529694,0.00023089265554405964,-0.0025177961033374815
19.270000000000213,7.275783649311757,0.001171804860762624,0.00027038577008899056,-0.002380093972893936
19.280000000000214,7.262242290034163,0.0011895029306534248,0.000302743380029176,-0.0022438632243044912
19.290000000000216,7.249014271036981,0.0012087916769030502,0.0003301719820333994,-0.0021377708689691165
19.300000000000217,7.2361010097996425,0.0012298650257914039,0.00035136388922602337,-0.002005070393440484
19.31000000000022,7.223504019105061,0.0012541016535191434,0.00036856425024485857,-0.0018794351264923145
19.32000000000022,7.211224904579379,0.0012792425828721749,0.00038322401378519037,-0.0017728773088958615
19.330000000000222,7.199265379559158,0.0013050094302801882,0.0003942860741797346,-0.0016416987766618102
19.340000000000224,7.187627287537206,0.0013314160877875845,0.0004039493166547332,-0.0015193342771879807
19.350000000000225,7.176312606598395,0.0013581360530380642,0.0004131058302417031,-0.0014080644868921706
19.360000000000227,7.165323450286738,0.0013848389232094653,0.0004210199245998611,-0.0012773732429642883
19.37000000000023,7.15466206840423,0.0014116718636146292,0.0004295368589725046,-0.0011543976204028562
19.38000000000023,7.144330843254783,0.0014458715205974539,0.00043914720381709783,-0.0010367242838367815
19.39000000000023,7.134332221456172,0.0014903870565477664,0.00044944616803400635,-0.0009059014980864593
19.400000000000233,7.124668613439355,0.0015456163733711115,0.00046173974362337454,-0.0007800709863208286
19.410000000000235,7.115342346287447,0.001611873944356286,0.0004762634622885783,-0.0006558878900530101
19.420000000000236,7.106355643628851,0.0016893901294183292,0.0004928200571016887,-0.000523587026122338
19.430000000000238,7.097710605338116,0.0017779348117695944,0.0005121753626137607,-0.000393528062943349
19.44000000000024,7.089409184129804,0.0018771906296989405,0.0005343982185600917,-0.0002632970879049224
19.45000000000024,7.0814531633645,0.001986676205961203,0.0005593445297576646,-0.00012816161762269838
19.460000000000242,7.073844139618845,0.002105501032057726,0.0005873396452801893,6.6185694745234965e-06
19.470000000000244,7.066583510671604,0.0022326706673728635,0.0006183056805242782,0.00014230765487639562
19.480000000000246,7.059672468593734,0.002367049787156839,0.0006520342540546847,0.0002811467843670775
19.490000000000247,7.053111997807766,0.002507253215904154,0.0006885173297063274,0.0004206381187795436
19.50000000000025,7.046902877923719,0.002651868846464271,0.0007275250834586869,0.0005612264510635272
19.51000000000025,7.041045691015132,0.0027994668166541614,0.0007687322851089515,0.0007038438819335273
19.520000000000252,7.035540832829157,0.0029485640310377616,0.000811875899297918,0.0008472814789506266
19.530000000000253,7.030388527240492,0.0030977620509045683,0.0008565626765973107,0.000991573911909354
19.540000000000255,7.025588843308955,0.0032457628169487484,0.0009023222124183104,0.0011370104872820816
19.550000000000257,7.021141714398866,0.0033913503216116874,0.0009486821973609798,0.0012829165833552576
19.560000000000258,7.017046958837804,0.0035334616012845277,0.0009950829913575752,0.0014291150981829473
19.57000000000026,7.013304301690551,0.003671316530711838,0.0010408986892784461,0.0015755588674784744
19.58000000000026,7.009913396008519,0.003804477696282298,0.0010854751958166557,0.0017217613517059717
19.590000000000263,7.006873840847686,0.003932336315009123,0.0011280995536061427,0.0018674329343731616
19.600000000000264,7.004185201031562,0.004054309453651562,0.0011701608373449915,0.0020128622534886418
19.610000000000266,7.001847016699557,0.004169907261598412,0.0012221150857399104,0.002160347539331602
19.620000000000267,6.9998587070359175,0.004278731786778384,0.0012859691830408694,0.0023103221655824888
19.63000000000027,6.99821943166619,0.00438045287325324,0.0013620967410795475,0.0024628653007089446
19.64000000000027,6.996928128089823,0.004474811216314334,0.0014506223431836947,0.0026178729287661077
19.650000000000272,6.995983483612961,0.004561630348900161,0.0015513680519376554,0.002775216323594531
19.660000000000274,6.99538378300235,0.004640797248040397,0.001663821365249537,0.0029346913538829365
19.670000000000275,6.995127127494259,0.004712199251314962,0.0017871462144417906,0.0030959389144110607
19.680000000000277,6.995211081731332,0.004775974880506153,0.0019201634016530996,0.003258530511377285
19.69000000000028,6.995632925166266,0.004831623408684188,0.002061403594615597,0.0034219577549567297
19.70000000000028,6.99638993974875,0.004881141001474161,0.0022092016708777453,0.003585609178662706
19.71000000000028,6.997476744601439,0.004915866328444162,0.0023614276029680597,0.0037487767389393495
19.720000000000283,6.99889826904205,0.004989634012023131,0.002517420255064965,0.003911054210969322
19.730000000000285,7.000602484636376,0.004750246312220312,0.0026669601585637345,0.0040699473474608595
19.740000000000286,7.0029873213524025,0.007288480738078513,0.00287923602687928,0.004240824224998352
19.750000000000288,7.003821158943823,0.0031208416859652846,0.002842237036514187,0.004363571880538253
19.76000000000029,7.0141245545097775,0.00316656337234003,0.0036684220157897625,0.00467737271476386
19.77000000000029,7.0109439990429925,0.008476150571789525,0.002856930591336091,0.004540457335569659
19.780000000000292,7.009074064978934,0.0020969251337661344,0.0029624449494189127,0.0047290765525711456
19.790000000000294,7.024122454096314,0.0020964471037581436,0.004383707280117271,0.005184083336733246
19.800000000000296,7.02072931142725,0.009065340630309077,0.0031208161767059175,0.004731525802072974
19.810000000000297,7.017114200085979,0.006936447115787353,0.0031434540573007505,0.0049681652995314405
19.8200000000003,7.033007301543859,0.0004752398213422844,0.004701176258902308,0.005573526379443819
19.8300000000003,7.0428521151296435,0.008177409399506466,0.004396402051981643,0.0053270975260679525
19.840000000000302,7.035803956365924,0.005128388369887669,0.003001606141410555,0.005180818185015889
19.850000000000303,7.046577064624854,8.871353211150346e-06,0.004452756746648897,0.005755775035025404
19.860000000000305,7.059333048527671,0.00701567126503448,0.004767271695524486,0.005687867015773244
19.870000000000307,7.052013006968497,0.005950700425326464,0.0030329476387169893,0.005435775593306746
19.880000000000308,7.049716024900009,-0.000994647612012712,0.0033324050785009263,0.005706436224638029
19.89000000000031,7.065649944761989,0.006371628818613003,0.00505369247831608,0.00599473525932093
19.90000000000031,7.07671866330566,0.006739280348532909,0.004600874886697858,0.006060158039878496
19.910000000000313,7.069365857963195,0.0038964694661092064,0.0029231511605413898,0.00581349170126338
19.920000000000314,7.081459701439331,-0.00040502676404207376,0.004588808431127956,0.006097073958495992
19.930000000000316,7.094663468252882,0.007320730696236099,0.004750642160815398,0.006276987896940035
19.940000000000317,7.087494911802748,0.0065144436452796535,0.00285403842589725,0.005964271803755502
19.95000000000032,7.099162789073563,0.0005442746366575587,0.004454908317814149,0.006231135132257337
19.96000000000032,7.112580059929692,0.008086665431955532,0.004635927748903334,0.006409348255827388
19.970000000000322,7.105599763319627,0.0074285253823313845,0.0026945866541175974,0.0060753245983164025
19.980000000000324,7.1178968317346225,0.006608634253350827,0.004436171069313215,0.00635326053611918
19.990000000000325,7.131225645167376,0.006409005415147985,0.004401489834161427,0.006492268918917174
20.000000000000327,7.124281920048913,0.007195650952344755,0.002468132626811267,0.006144871793497642
20.01000000000033,7.137012636169415,0.0008128672035274614,0.00417648350246102,0.006382100299866503
20.02000000000033,7.150486909728111,0.009015262887984073,0.004217481955869178,0.006505040569377233
20.03000000000033,7.144034501739787,0.008375506150332942,0.002279383671744467,0.0061625690846544776
20.040000000000333,7.157005144970416,0.008242227812088842,0.004073339457326483,0.006406849131128482
20.050000000000335,7.170525157869618,0.007323375570841207,0.003931906828359003,0.0064814661528804765
20.060000000000336,7.165002332706824,0.00783804104108425,0.0020931401484477075,0.006154685230714243
20.070000000000338,7.17776797951681,0.006677091668708022,0.003775020947591669,0.006343865160849621
20.08000000000034,7.191213548817641,0.007849288644187737,0.003645756911918879,0.006365005588958029
20.09000000000034,7.19761049920389,0.007934653966209737,0.002961858661030757,0.0063274116147699205
20.100000000000342,7.2070036090827,0.007121512463839218,0.0032044817609659763,0.006166323393049103
20.110000000000344,7.217219641568715,0.007311525990998968,0.0031172170433522222,0.00600904950980583
20.120000000000346,7.224581062465451,0.0072306498333685925,0.0027169012485778366,0.006090192564248094
20.130000000000347,7.233461258731298,0.007038051685516852,0.0027517712228512384,0.0059614496761704015
20.14000000000035,7.242448457164499,0.00689431702572878,0.00261030057437576,0.0057614502641984925
20.15000000000035,7.250307909665048,0.006824286310668457,0.002394096309834729,0.0058801908117861856
20.160000000000352,7.25884071020737,0.006613898520279825,0.0023486306244917964,0.005751214666169085
20.170000000000353,7.267444742586742,0.006414433708436967,0.0022290971603259233,0.0055445199301497015
20.180000000000355,7.275710265519293,0.006247852480678636,0.0021009076126654474,0.005670156639732931
20.190000000000357,7.284203053653989,0.006005420245369513,0.0020145999444341465,0.0055032267772546556
20.200000000000358,7.292816581333192,0.0057478656887068,0.0019136553848044342,0.005302686491220158
20.21000000000036,7.301414155155959,0.005520566869936311,0.0019367126390401797,0.005451410653264218
20.22000000000036,7.3101187278758895,0.005236773380608827,0.0022915036877724504,0.005333954187563181
20.230000000000363,7.318935617887205,0.004939936479602639,0.002656224037733135,0.005201888332104023
20.240000000000364,7.327816401124769,0.004675763899888588,0.0029732756314999045,0.005377056755481305
20.250000000000366,7.33676242505443,0.004364660059418789,0.0032452667911481298,0.005205513983047394
20.260000000000367,7.345775231374002,0.004048911913825863,0.0035176395167517615,0.005028488104048217
20.27000000000037,7.354842631757324,0.003772251074727294,0.003714808640415474,0.005153157163135266
20.28000000000037,7.363955458463278,0.0034565515328079193,0.003980862853658263,0.004950189017784039
20.290000000000372,7.373106471664795,0.0031446815772633624,0.004017105733483426,0.004712519468609066
20.300000000000374,7.38229014113578,0.0028749254661182373,0.006793888030271759,0.005144148033955525
20.310000000000375,7.391446134349416,0.002580086474326455,0.0029512803746132572,0.004364951396499161
20.320000000000377,7.400592526517557,0.002291614912350299,0.002966958824095135,0.0041258320144002495
20.33000000000038,7.409821478637064,0.0020473477924121334,0.007561044083679656,0.004703283769521504
20.34000000000038,7.419033511961679,0.0017882352769759842,0.0023699693148367122,0.0038256709350243173
20.35000000000038,7.428217620260281,0.00153803919969487,0.0028250633882869543,0.003631897999972072
20.360000000000383,7.437486219268463,0.0013108480136625955,0.007682470768606998,0.0039527262446928495
20.370000000000385,7.446732145440897,0.0011042895067859334,0.0019199108787560384,0.0031731041530896308
20.380000000000386,7.4559504364110545,0.0009050324801530733,0.006818026421346647,0.0034256979948405894
20.390000000000388,7.4651684040224975,0.0007311088379609957,0.0015301525577310524,0.002780046192911635
20.40000000000039,7.47439454304005,0.0005665759754429923,0.006365054994453383,0.0029856724078244877
20.41000000000039,7.4836326171101755,0.0004239184318578841,0.0019293027066708984,0.00245396835080367
20.420000000000393,7.492868929954056,0.00028969952690670125,0.00540894890950578,0.002515758583938489
20.430000000000394,7.502119010461483,0.0001723716492255145,0.004589122755645215,0.002267317500895053
20.440000000000396,7.511327549831949,6.662054018334452e-05,0.0006874974982480057,0.0018402664373753362
20.450000000000397,7.5205842042092,-2.931634052682076e-05,0.0040984490847440665,0.0018661374042077594
20.4600000000004,7.529903364798569,-0.00011321120754946772,0.004088952049642758,0.001675029477628695
20.4700000000004,7.539208320810095,-0.0001878628048449338,0.0022861347492519057,0.0013923126547313765
20.480000000000402,7.548526380893771,-0.00025302040540778044,0.002682814155727216,0.0012276225792306273
20.490000000000403,7.557896029816269,-0.0003095660877421712,0.0014600650276409305,0.0010042762636775777
20.500000000000405,7.567361413605871,-0.000359927905311614,0.0017695005665637955,0.0008335706124243487
20.510000000000407,7.576937456398285,-0.00040345096559446064,0.0010660933192977039,0.0006320171585943887
20.520000000000408,7.586624619966215,-0.00044104906029897724,0.0008475521634308561,0.00044663351829706053
20.53000000000041,7.59643543376648,-0.00047335728541831435,0.0005153659705506313,0.00026066081125763845
20.54000000000041,7.606377755999486,-0.0005012048092918656,0.00017180296339314947,7.568243728739832e-05
20.550000000000413,7.616461237458348,-0.0005251978547212612,-0.00010104414236709709,-0.00010710747972044681
20.560000000000414,7.6266941317679535,-0.0005459266023460459,-0.00039738923605775846,-0.0002890889248825417
20.570000000000416,7.63708326564929,-0.000563956014285105,-0.0006573524091320238,-0.00047001237321399943
20.580000000000418,7.647634771655569,-0.0005798236912554292,-0.0009043504490259271,-0.0006502884801918414
20.59000000000042,7.658353560054163,-0.000594030485632968,-0.0011285584988036852,-0.0008301895572541103
20.60000000000042,7.669243562192646,-0.0006070458915807801,-0.00133126655560952,-0.0010099777498332788
20.610000000000422,7.680307642154449,-0.000619305920050663,-0.001511361684040829,-0.0011899166924429132
20.620000000000424,7.6915476368403555,-0.0006312139374822869,-0.0016687212360894244,-0.001370247814848403
20.630000000000425,7.702964382805442,-0.0006431397915282164,-0.0018034608080151155,-0.0015511884304639176
20.640000000000427,7.714557763119861,-0.0006554194079711365,-0.001916026137619654,-0.001732925080054405
20.65000000000043,7.726326763535742,-0.0006683542330419587,-0.0020075552110063815,-0.0019155974093091497
20.66000000000043,7.738269543102852,-0.0006822106770547009,-0.002100175559125624,-0.0020985842687573997
20.67000000000043,7.750383823775094,-0.0006972211819882174,-0.0022051958203532927,-0.0022812654630114783
20.680000000000433,7.762667400886108,-0.0007135868856677935,-0.002320293740162905,-0.0024633809745285592
20.690000000000435,7.775118238103307,-0.0007314753737177039,-0.0024425384666443175,-0.002644759062574233
20.700000000000436,7.787734322852971,-0.0007510166726173644,-0.0025686815307179906,-0.0028253090970506056
20.710000000000438,7.800513525906869,-0.0007723012337618501,-0.0026954096630010522,-0.0030049960073396547
20.72000000000044,7.81345348902475,-0.000795379342395125,-0.0028195282402583097,-0.003183825460732921
20.73000000000044,7.826551537379828,-0.0008202612519351024,-0.002938102551358927,-0.0033618341687202814
20.740000000000443,7.8398046115877715,-0.0008469174313178644,-0.0030485581262935705,-0.0035390798488458292
20.750000000000444,7.8532092172361025,-0.0008752788124606579,-0.0031487413039056073,-0.00371563063813167
20.760000000000446,7.8667613914321075,-0.000905237076212626,-0.003236944588505237,-0.0038915553990663604
20.770000000000447,7.880456685864279,-0.0009366449755762951,-0.003311903755610198,-0.0040669157665546105
20.78000000000045,7.894290165216004,-0.0009693166613040187,-0.0033727744227026297,-0.004241760068730731
20.79000000000045,7.9082564191572295,-0.0010030279734635132,-0.0034190952763520177,-0.004416118951906856
20.800000000000452,7.922349585797507,-0.001037516690101483,-0.0034507439069698994,-0.0045900024742620655
20.810000000000453,7.936563384404732,-0.001072482794204952,-0.0034678897287115664,-0.004763398431189228
20.820000000000455,7.950891155289503,-0.001107589003560353,-0.0034709470816681543,-0.004936271686304565
20.830000000000457,7.965325904956571,-0.0011424625187527715,-0.0034605304567319967,-0.005108564305149395
20.840000000000458,7.979860354860497,-0.0011767428166638196,-0.003437412905218947,-0.005280196317892838
20.85000000000046,7.99448699213711,-0.001214300565067948,-0.003402488009281469,-0.005451066727482875
20.86000000000046,8.009198100364374,-0.0012582632947805766,-0.003356735591286538,-0.005621031208755172
20.870000000000463,8.023985767774635,-0.0013090046195348606,-0.003301182360076446,-0.005789910291380661
20.880000000000464,8.038841905317302,-0.0013667960286033616,-0.0032371231416895773,-0.005957485062591594
20.890000000000466,8.053758278168234,-0.001431789448345545,-0.003165944450624189,-0.0061235123116160665
20.900000000000468,8.06872653833294,-0.0015040059877359023,-0.0030885807987708334,-0.006287780744589498
20.91000000000047,8.083738250536657,-0.001583324662403915,-0.0030059708270138764,-0.006450066945530537
20.92000000000047,8.09878491145599,-0.0016694731931202046,-0.002919021567780935,-0.006610140391156422
20.930000000000472,8.11385796758533,-0.001762023786816914,-0.002828596671835781,-0.006767765719940369
20.940000000000474,8.128948832364268,-0.0018603956238244345,-0.0027355078699878503,-0.006922704886880526
20.950000000000475,8.144048902917264,-0.0019638647822049077,-0.0026405083521007272,-0.007074719386030595
20.960000000000477,8.159149576648703,-0.002071581384416485,-0.0025442878342461592,-0.007223572414910438
20.97000000000048,8.174242267901278,-0.002182592973095423,-0.0024474692228281334,-0.007369030893276412
20.98000000000048,8.189318424835607,-0.0022958725227655266,-0.0023506067796924715,-0.007510867316194233
20.99000000000048,8.204369546616915,-0.002410349102171035,-0.0022541856693922926,-0.0076488614314080185
21.000000000000483,8.21938720091603,-0.0025249390356382405,-0.0021586227484691367,-0.007782801721821032
21.010000000000485,8.234363041675401,-0.002638575319126112,-0.0020642684421447012,-0.0079124866772036
21.020000000000486,8.249288827111132,-0.0027502316823708674,-0.001971409541830768,-0.0080377258526987
21.030000000000488,8.264156438162763,-0.0028590031636427098,-0.0018802727507862193,-0.008158340730987286
21.04000000000049,8.278957898303801,-0.002964359854589817,-0.0017910287910809057,-0.00827416508072065
21.05000000000049,8.293685401138406,-0.0030655489955316926,-0.0017037967512981867,-0.008385043890648392
21.060000000000493,8.308330908488973,-0.003161877218132985,-0.0016186607278459453,-0.008490833534311838
21.070000000000494,8.322886724689049,-0.003252766217553819,-0.0015356465884068184,-0.0085914072141751
21.080000000000496,8.337345607741915,-0.0033377397723156834,-0.001454742344558428,-0.008686651379625992
21.090000000000497,8.351700484029928,-0.0034164145953547507,-0.0013759130389266374,-0.008776464113021316
21.1000000000005,8.365944449380391,-0.003488500999395447,-0.001299097136858858,-0.008860757009180036
21.1100000000005,8.380070792007762,-0.0035537937833224863,-0.0012242108085463973,-0.008939454043697089
21.120000000000502,8.394073010935506,-0.0036121676283497554,-0.0011511525148739067,-0.009012491284994685
21.130000000000503,8.407944825111704,-0.003663569323555234,-0.0010798073741917025,-0.00907981732040737
21.140000000000505,8.421680176328271,-0.003708008833565824,-0.0010100509740550716,-0.009141390854227098
21.150000000000507,8.435273229242956,-0.0037455502989205106,-0.0009417529598765738,-0.009197182408083317
21.160000000000508,8.448718370107363,-0.003776303236195571,-0.0008747801218289604,-0.009247172799179736
21.17000000000051,8.462010204604361,-0.003800414112846792,-0.000808998954799803,-0.009291347480237307
21.18000000000051,8.475143554778471,-0.0038180589261410974,-0.0007442796585894441,-0.009329727464419903
21.190000000000513,8.488113455036885,-0.0038294336022721863,-0.0006804899244789216,-0.009362194196505134
21.200000000000514,8.500915147296283,-0.00383476231013814,-0.0006175613611829379,-0.009389812066830863
21.210000000000516,8.513544075408483,-0.003833652823649642,-0.0005521834519667234,-0.00934776179679437
21.220000000000518,8.525995879321178,-0.0038283679142647976,-0.0004948519961668057,-0.009449043775450043
21.23000000000052,8.538266387697712,-0.0038160439731451503,-0.0004278824124827967,-0.009341414973960974
21.24000000000052,8.550351610741194,-0.003800008683181382,-0.0003716903571494018,-0.009433935282000556
21.250000000000522,8.562247735299437,-0.0037789916067978747,-0.0003179666775297976,-0.009559826582646456
21.260000000000524,8.573951114558218,-0.0037516726499708004,-0.0002485097136943992,-0.00937109792773908
21.270000000000525,8.585458265514978,-0.0037208439320500736,-0.00019366088460238414,-0.009455613224672975
21.280000000000527,8.596765863477986,-0.0036855938200608044,-0.00014237344546625264,-0.009594698006011468
21.29000000000053,8.607870726877572,-0.0036454841658012183,-7.34207911455977e-05,-0.00939012861911903
21.30000000000053,8.618769817529365,-0.0036018706840184067,-9.183940420511222e-06,-0.009266745337799743
21.31000000000053,8.629460236910878,-0.0035533383191116265,3.72158122142086e-05,-0.009464309194042099
21.320000000000533,8.639939213872097,-0.0035020591462501297,0.00010037122218693078,-0.0093360631530922
21.330000000000535,8.65020409691824,-0.0034459618930872864,0.00016426310750431334,-0.009185702661983663
21.340000000000536,8.660252366623057,-0.003387890326930563,0.00020901703544855038,-0.009374295957331262
21.350000000000538,8.670081592624651,-0.003314785930416344,0.00027012838892934935,-0.00924450782319197
21.36000000000054,8.679689553730467,-0.00330058459317682,0.00033198891766395374,-0.009088255193620904
21.37000000000054,8.689073599715565,-0.0030498207107451216,0.0003741996312748223,-0.009265978310170675
21.380000000000543,8.698233005332474,-0.005828818526868539,0.0004350888036426452,-0.00911345656780452
21.390000000000544,8.707135322285819,-0.0022872198253422373,0.0004917851136489436,-0.008936488425493258
21.400000000000546,8.715781400368341,-0.002459937575963262,0.0005309414797501574,-0.00910548815099228
21.410000000000547,8.72421849702059,-0.007599997237948609,0.0005888141025928463,-0.008935800005659654
21.42000000000055,8.732379952249962,-0.00235009294266215,0.0006492638131540579,-0.008736850016563876
21.43000000000055,8.740234391391745,-0.0035462388299586397,0.0006990974133431337,-0.008886354251684058
21.440000000000552,8.747868634526798,-0.0080815679307879,0.0007722210755079318,-0.008699516439801998
21.450000000000554,8.755206254526518,-0.0028334598583037475,0.000852653677933299,-0.008489689440409058
21.460000000000555,8.762191882097268,-0.00788594283518622,0.0009214003802282164,-0.008606391527192588
21.470000000000557,8.768921066204232,-0.002982226639075414,0.0010153979912892967,-0.008397183175757356
21.480000000000558,8.775333322607656,-0.008119615991344236,0.0011128396640023885,-0.008205297085369587
21.49000000000056,8.78139536040371,-0.003260217734141434,0.0012156610441821957,-0.008099655646185559
21.50000000000056,8.787193735831687,-0.008382022736913778,0.0013193592389715324,-0.007973303284238292
21.510000000000563,8.792616266737191,-0.0035602235501894577,0.0014380635944040445,-0.007820084888517452
21.520000000000564,8.797711764150907,-0.00850278743577973,0.0015515706758397311,-0.0077031890670852254
21.530000000000566,8.80254968537329,-0.004146153275440578,0.0016781050413126868,-0.007574237280103821
21.540000000000568,8.806834507265664,-0.008231086373121433,0.0018050878142354993,-0.007443035791273734
21.55000000000057,8.811164992477135,-0.007369349728616313,0.0019303346835636813,-0.007305576358805422
21.56000000000057,8.814470752157826,-0.0033482667119891785,0.002085664611024696,-0.007169457920089484
21.570000000000572,8.818345729917535,-0.00787419056637984,0.002196340162346457,-0.007041381923025246
21.580000000000574,8.821331828279888,-0.007727561068231756,0.0023477824504489365,-0.0068983154250817445
21.590000000000575,8.816155767967118,-0.002142337055142774,0.002700204201967071,-0.0067857519551381635
21.600000000000577,8.824064881753799,-0.007993667631934964,0.002485144302740391,-0.006584164829113955
21.61000000000058,8.830586642936206,-0.00745216885435988,0.0026471538391272366,-0.006431743545089421
21.62000000000058,8.819901582594657,-0.006399337705902354,0.0032863965569969408,-0.00636195089730041
21.63000000000058,8.828260633933853,-0.0008999046010332851,0.002847483292108822,-0.006084607628467411
21.640000000000583,8.836535611911422,-0.00748085417892542,0.0029500629008786298,-0.005935645454792418
21.650000000000585,8.824977399419218,-0.006699276109881106,0.0037410591939096034,-0.005883526930751411
21.660000000000586,8.831824283368908,-0.00440484491534877,0.003217730517158766,-0.005572691373537822
21.670000000000588,8.840161487488734,-0.005651635020843407,0.0032644124168856176,-0.005383334608867339
21.68000000000059,8.828356828903653,-0.004994296094139604,0.004138921267804946,-0.005335720453918732
21.69000000000059,8.832802297792313,0.0006980125538738189,0.0036105781646257394,-0.005027218340967004
21.700000000000593,8.841534002933479,-0.005570367592291454,0.003507296323356186,-0.004819294278758732
21.710000000000594,8.829852844260598,-0.004997180138097864,0.004458478524604128,-0.004763862405438911
21.720000000000596,8.822533374396285,-0.004041551124878682,0.00435657396304668,-0.004517869879080599
21.730000000000597,8.833354653524163,-0.0030050337501083325,0.003611694084204592,-0.004173121477925648
21.7400000000006,8.829450220647212,-0.003371850466060967,0.004351590937573205,-0.004075369100058571
21.7500000000006,8.819055942613389,-0.002576431079273098,0.004717459923547393,-0.003906419408213513
21.760000000000602,8.829110198815357,-0.001927921398547538,0.003746539437271063,-0.0035319576552386408
21.770000000000604,8.834407871233816,-0.002246282949057659,0.004007149900957424,-0.003350094102009587
21.780000000000605,8.822512723287574,-0.001821956533018142,0.004917008727548528,-0.003253374514611715
21.790000000000607,8.815224259387996,-0.0011970035159723175,0.004691502675694803,-0.0029868854933332535
21.80000000000061,8.82596983181092,-0.0011425631286995583,0.00371522617455094,-0.002623557103643097
21.81000000000061,8.817368583968276,-0.0011048761908002591,0.00479311849317256,-0.00253759295824816
21.82000000000061,8.808111755094577,-0.0008850605728331646,0.0048113875489868806,-0.002303053415427755
21.830000000000613,8.818851273215225,-0.0005937452560014143,0.0036152124889031346,-0.0019186421567482445
21.840000000000614,8.810781944218673,-0.000554068303717475,0.004705590071715922,-0.00181789252174591
21.850000000000616,8.801328039053761,-0.00044788610471341566,0.004737534644873149,-0.001582138896142045
21.860000000000618,8.811851409139344,-0.00024110710237757482,0.0034422104177486354,-0.0011980090726746806
21.87000000000062,8.803274288422124,-0.00017466298338605595,0.004595917609977235,-0.0010888743679072623
21.88000000000062,8.793741382931133,-0.00012955057585675912,0.004576715325144634,-0.0008450963392158465
21.890000000000622,8.803991943976248,1.1437370712769387e-05,0.0032052827474322036,-0.0004661181202340754
21.900000000000624,8.79490549366345,5.748716557331949e-05,0.004420514037121985,-0.000348289220460796
21.910000000000625,8.78511826618065,6.863921827030032e-05,0.004361321394451322,-9.929769405059503e-05
21.920000000000627,8.794769922841045,0.00016532342657024854,0.0029363907659968195,0.0002709098352562078
21.93000000000063,8.785321591594808,0.0001809829828471543,0.004181058438892246,0.00040040496422117365
21.94000000000063,8.775220494363571,0.00016958068151821807,0.004097224523278698,0.0006517684583602871
21.95000000000063,8.783606072897644,0.00023744733562457068,0.002677069262577877,0.0010075507630856449
21.960000000000633,8.774049134125692,0.00022406189644718464,0.0038816551041904435,0.0011535540088541004
21.970000000000635,8.763721006435393,0.00019847879320472405,0.0037875554362866272,0.0014049103197500152
21.980000000000636,8.76064034312181,0.0002426686909200172,0.0031678469982236294,0.0016922368178763402
21.990000000000638,8.7537634239744,0.00022773198607140452,0.0033582078455446284,0.001920950476223068
22.00000000000064,8.746111575485662,0.00019964858237490372,0.0032708390543736508,0.002168806898487662
22.01000000000064,8.741784643805198,0.00019325788509124122,0.002885119020103571,0.002433721841111134
22.020000000000643,8.734983757208004,0.0001689891869323302,0.0029469739980933665,0.0026702649670779974
22.030000000000644,8.728167560891823,0.00014498750193264132,0.0027979456983218093,0.0029184834833194976
22.040000000000646,8.722858553548646,0.00013097949509231416,0.0025554924533024844,0.0031699205551534277
22.050000000000647,8.716144686059561,0.00010803565023196589,0.002536340227339112,0.003408477265212514
22.06000000000065,8.709398540670128,8.779084704585719e-05,0.002398689826908081,0.003651629294736741
22.07000000000065,8.703138525309878,7.17709891103013e-05,0.0022447180379779885,0.003893692061615597
22.080000000000652,8.6962730365258,5.132072740803288e-05,0.002166856186024357,0.004130787170849902
22.090000000000654,8.689214735105963,3.3007571790406436e-05,0.0020526610951387904,0.004367594966269741
22.100000000000655,8.682167701861902,1.7516560670489067e-05,0.0019403148480961986,0.004602327337765588
22.110000000000657,8.67483981235059,2.174708081335987e-06,0.0018418517742368403,0.004834479218859594
22.12000000000066,8.667272783866135,-1.1234617169902851e-05,0.0017404670656618543,0.005064497570947864
22.13000000000066,8.659537132787449,-2.2071016745197405e-05,0.0016445075584411923,0.0052920000338024555
22.14000000000066,8.651582769244296,-3.085556665459597e-05,0.0015464260683975197,0.005517039588980396
22.150000000000663,8.643395630259956,-3.731384679533505e-05,0.001452207915261058,0.005739329895069117
22.160000000000664,8.634987751431447,-4.116251799693112e-05,0.0013621966324096288,0.005958755536556364
22.170000000000666,8.626355429027738,-4.2422711082827814e-05,0.0012696636752922055,0.0061752899565611806
22.180000000000668,8.617492929580735,-4.111532447006197e-05,0.0011824236869894698,0.006388686288387527
22.19000000000067,8.608399844794944,-3.7216165241152715e-05,0.001093064392301533,0.006598899862157268
22.20000000000067,8.599076317103606,-3.080819001664196e-05,0.0010135756237320106,0.006805733902489152
22.210000000000672,8.589522107591176,-2.1921429689240785e-05,0.0009067432006431536,0.007009145231539426
22.220000000000674,8.57973723835569,-1.1018971579544333e-05,0.0009327598367520495,0.007209251693871671
22.230000000000675,8.569724281995118,6.051975660842496e-06,-0.0008687794381095495,0.007394327845134781
22.240000000000677,8.559455151187924,1.4817703571128497e-05,0.0020683871704311406,0.007605386382712971
22.25000000000068,8.548953399227791,3.1431370349012794e-05,0.0020648095057698808,0.0078040868042758725
22.26000000000068,8.538284756086538,5.678405263011888e-05,-0.0013351769730540885,0.007946109451451123
22.27000000000068,8.527392115856664,6.797601637516281e-05,0.0025604423803346826,0.00818959369719584
22.280000000000683,8.516277512094259,9.359068068845318e-05,-0.0005090344394444864,0.008312078550168694
22.290000000000685,8.504970637785261,0.00011391307800976731,-0.0005813409161658684,0.008478563369449549
22.300000000000686,8.493422454914546,0.00012639289450381156,0.0037519162701203958,0.008765927791422927
22.310000000000688,8.481712752696437,0.00015360079299979028,-0.000733531472966495,0.0088127287548857
22.32000000000069,8.469855381902773,0.00016887687218606283,0.0025074940821808757,0.009083254835005328
22.33000000000069,8.457827133975513,0.0002029634737287791,-0.0005629914342044824,0.00913629122308307
22.340000000000693,8.445634910148113,0.00023979760643188806,-0.00040796814650660544,0.009290795604422086
22.350000000000694,8.433235503751362,0.00027759853080871073,0.0034738281101196903,0.00961074987801178
22.360000000000696,8.420709755733196,0.00034085257225991843,-0.0007108233368112608,0.009576568041758809
22.370000000000697,8.408067982941782,0.00040403767759104837,-0.00056669520522468,0.009720147673327056
22.3800000000007,8.395238495347455,0.00047354318487065805,0.00033654819184517786,0.009898289539539603
22.3900000000007,8.382243091586668,0.0005541835568443189,-1.1616494552092467e-05,0.010011902111279374
22.400000000000702,8.369083870923967,0.0006391215636740183,0.0007030987627426223,0.01018599880589765
22.410000000000704,8.355758271377805,0.0007348170267410848,-2.713104992000477e-05,0.010265744651927235
22.420000000000705,8.34227448158033,0.0008329652417995666,0.0004088958641694307,0.010414524134713846
22.430000000000707,8.328634657138442,0.0009381101764857887,0.00011281584929404305,0.010509098061379481
22.44000000000071,8.314847369176,0.001045685103115582,0.00017514435626402389,0.010625264248540416
22.45000000000071,8.300914713120271,0.0011562641055741522,8.933494522439934e-05,0.01072482573553923
22.46000000000071,8.2868420898538,0.0012680642695505275,2.2021664814662195e-05,0.010820933349758562
22.470000000000713,8.27263308554196,0.001379971242388739,-4.438178274665232e-05,0.010911944435553734
22.480000000000715,8.258291626985429,0.001490930611777996,-0.00012632819034566603,0.010996373534893491
22.490000000000716,8.2438215675577,0.0015998316631714443,-0.00020770789007363205,0.011075572748249581
22.500000000000718,8.22922662012613,0.0017057795792681726,-0.00029552741473629193,0.01114875438773988
22.51000000000072,8.21451051042625,0.0018081069786403546,-0.000386598926690329,0.011216198958288948
22.52000000000072,8.199676925030703,0.0019062478987393193,-0.0004812154687696724,0.011277772130500711
22.530000000000722,8.184729561620799,0.001999602774424159,-0.0005787130248388443,0.011333456189217233
22.540000000000724,8.169672145281874,0.002087663593671125,-0.0006786332205772543,0.011383286330006275
22.550000000000725,8.154508456014195,0.002170036514082965,-0.0007804527691766192,0.011427192974972071
22.560000000000727,8.139242354104692,0.002246418979515604,-0.000883638382887442,0.011465230606116589
22.57000000000073,8.12387780563676,0.002316605086982112,-0.0009876341114257422,0.01149745572616115
22.58000000000073,8.108418907252478,0.0023805063411881894,-0.0010918511481948358,0.011523605700093722
22.59000000000073,8.092869909948387,0.00243799274865396,-0.001195724757691361,0.01154481306001317
22.600000000000733,8.077235241639292,0.002489498585742395,-0.0012984710082937652,0.011556527739119558
22.610000000000735,8.061519528242915,0.002533416400044801,-0.0014001450101019956,0.011578559802644404
22.620000000000736,8.045727613278556,0.00258211721191962,-0.0014948371178481943,0.011467858635793299
22.630000000000738,8.029864574814098,0.002605765806287464,-0.0015947029454642392,0.01157211589961049
22.64000000000074,8.013935743925167,0.00262688554204532,-0.0016896319102845487,0.011634121939738389
22.65000000000074,7.997946722293178,0.0026647757535441813,-0.001770053964786266,0.011435754501340413
22.660000000000743,7.981903383455355,0.00266991070809309,-0.0018583530518171934,0.011558136406298764
22.670000000000744,7.9658118809989,0.0026718974930519846,-0.001950869754299049,0.011651761689809996
22.680000000000746,7.949678502094088,0.002696119782480821,-0.0020412068926227394,0.011425200933122137
22.690000000000747,7.933509398521831,0.0027037348010136523,-0.0021485283020744187,0.011336728392208898
22.70000000000075,7.917310492680704,0.0026855731848812407,-0.0022779463201600546,0.011494670636180154
22.71000000000075,7.9010875161084115,0.002690271338439052,-0.002403730153591639,0.011320778281959168
22.720000000000752,7.8848460343665545,0.002689358217440726,-0.002540168290588946,0.011169095581520941
22.730000000000754,7.86859146290917,0.0026589094763164664,-0.00269974086754387,0.011330289904220742
22.740000000000755,7.852329111535271,0.002648138804709919,-0.002853436186244539,0.011201794696479125
22.750000000000757,7.836064223779307,0.00264012117132242,-0.003009142097935539,0.011003304684513457
22.76000000000076,7.819802005598021,0.0026021997877581603,-0.0031846908278615515,0.011141616590677084
22.77000000000076,7.8035476805246935,0.002584247420526072,-0.003347851601981095,0.010984224867296293
22.78000000000076,7.787306543742824,0.002567775549293027,-0.0035079493839025875,0.01077706322607245
22.790000000000763,7.771083997537866,0.002522954350957574,-0.0036823827463374754,0.010901399165615722
22.800000000000765,7.754885602404706,0.0024998714232704576,-0.0038364970847866923,0.01070276773352814
22.810000000000766,7.738717121970103,0.0024757067581549917,-0.00398368521472936,0.010491360036076508
22.820000000000768,7.722584545046204,0.002424535493257175,-0.0041404335964407004,0.01060611749545509
22.83000000000077,7.706494119421102,0.002395660106759087,-0.004270614611191485,0.010382596234599438
22.84000000000077,7.690452378155375,0.0023649469905457398,-0.004390842800846858,0.010160577987461195
22.850000000000772,7.674466133367484,0.0023084131936638654,-0.004518149437838936,0.010260202076193112
22.860000000000774,7.658542479322007,0.0022733844065948657,-0.004615979196334095,0.0100236078376689
22.870000000000775,7.642688797212256,0.002241796834643673,-0.0047017942375267175,0.00979200787035201
22.880000000000777,7.626912682238854,0.0024337083654775086,-0.004793617930735105,0.009858819844770135
22.89000000000078,7.611219417485952,0.002783875829328415,-0.0048563263440292255,0.009624233388922336
22.90000000000078,7.595610386630627,0.0031115737138021926,-0.004904939106387311,0.009392905194178097
22.91000000000078,7.580085776441414,0.0034049949945507666,-0.004944441191892642,0.00924745763584419
22.920000000000783,7.564646537763152,0.00368244603598251,-0.0049701136607463005,0.009106150414341574
22.930000000000785,7.549294318947982,0.003945845951964166,-0.004980073065803091,0.008939542794624266
22.940000000000786,7.534031147501732,0.0041974020162798805,-0.004976931327732363,0.00879056302162123
22.950000000000788,7.518859277221124,0.0044337451018075,-0.004960486369077537,0.008653921324675014
22.96000000000079,7.503780790970186,0.004661377615927989,-0.0049298214606114015,0.008512636585451603
22.97000000000079,7.4887980738808615,0.004871006695909887,-0.004885447287309718,0.008373690025315558
22.980000000000793,7.473914011523872,0.005075134821623074,-0.004827744297293117,0.008238961313159723
22.990000000000794,7.4591316712632825,0.005247623475714389,-0.004756533600893601,0.008104980237695401
23.000000000000796,7.444454442038505,0.005441511613617435,-0.004672242801876872,0.007971116722564408
23.010000000000797,7.429885778055458,0.005524548181255889,-0.004574468261853671,0.007838059950288079
23.0200000000008,7.415430054055514,0.0058882459224534256,-0.00446525925175107,0.007704459219178624
23.0300000000008,7.4010898018735345,0.0053768315635142816,-0.004339847551086619,0.007572318805905654
23.040000000000802,7.3868738551465265,0.009238376084417946,-0.004220986979389919,0.0074320367762119
23.050000000000804,7.372753290848826,0.004004951143703544,-0.004289850305605457,0.007260395069783064
23.060000000000805,7.358746387554606,0.004047360272640348,-0.004845391820142625,0.006944426436484811
23.070000000000807,7.344913302229449,0.009842378504939318,-0.005434076538392914,0.006613353684964864
23.08000000000081,7.331188741553179,0.003204597213620187,-0.005971334136146289,0.006321985993626305
23.09000000000081,7.317569403492189,0.004395371944883412,-0.006525990499843933,0.005994626553713814
23.10000000000081,7.304117787225453,0.00925144871364554,-0.007077891363194997,0.005666725933561026
23.110000000000813,7.290773758514354,0.003085503029744553,-0.007580949145246144,0.005376343587012649
23.120000000000815,7.27754222491557,0.008050393789575273,-0.00809275769244039,0.005053980151359773
23.130000000000816,7.264444601329739,0.002931032328750184,-0.008559563802651835,0.004764986359538531
23.140000000000818,7.251487784847379,0.007347022066365596,-0.009019548148032895,0.00445301924663582
23.15000000000082,7.238681868231537,0.005882920796580688,-0.009439045802401869,0.0041744008615649695
23.16000000000082,7.226001096985732,0.0016492673609197206,-0.009823420961240614,0.003899876482482869
23.170000000000822,7.213508574850178,0.007319133998723237,-0.010183419662211977,0.0036046839495157503
23.180000000000824,7.201206958308465,0.0014424605627481445,-0.010492208491766073,0.0033574507681718444
23.190000000000826,7.189096961916108,0.006920435423281005,-0.010764998467200134,0.003083476126053996
23.200000000000827,7.1771939026309175,0.005043358999543283,-0.01098561825073014,0.002857144101928049
23.21000000000083,7.1654772602606736,0.001106375499146963,-0.01115689541695196,0.002631870617029819
23.22000000000083,7.154013773965397,0.00475748469947616,-0.011274443776485706,0.0023862365219546587
23.23000000000083,7.142832765666161,0.005148384066829895,-0.011335066386324187,0.0021790601294681853
23.240000000000833,7.13189657424642,-0.0010278498990559384,-0.011342820412043654,0.001988828348125446
23.250000000000835,7.121268980860273,0.004921451007143381,-0.011283001756253243,0.0017572462387067493
23.260000000000836,7.110991043411716,0.004192718337981462,-0.011167533253054765,0.001584646001110049
23.270000000000838,7.101011655516332,0.0018016497452287698,-0.010996515732425317,0.001418445229263873
23.28000000000084,7.091369331742717,0.0030381942476718315,-0.010763500451000966,0.001238283638352801
23.29000000000084,7.08212489087824,-0.001805725762652068,-0.010483526489585187,0.0010744953937553712
23.300000000000843,7.073302307290583,0.002990048969459371,-0.0101337843152296,0.000869986895338899
23.310000000000844,7.064912709502101,0.0027033108639737224,-0.009742555129764852,0.0007163763822641751
23.320000000000846,7.056934279694321,0.0018078627191959473,-0.009308029024706708,0.0005658374584860122
23.330000000000847,7.049390324204613,0.0010166636153524067,-0.008832013735332087,0.0004075498004833429
23.34000000000085,7.042335182304659,0.0009762690148366869,-0.008316400700685726,0.00024075382475339255
23.35000000000085,7.03575606314295,0.00046075766839467284,-0.007771280413438599,7.218700389966816e-05
23.360000000000852,7.029668513702591,0.0005151490045022142,-0.007198549076211862,-0.00010356473342197138
23.370000000000854,7.0241097381177235,0.0001995331358541279,-0.006604620938094224,-0.0002811472126278854
23.380000000000855,7.019045460025595,0.000178191888095816,-0.005996989178497867,-0.00046594057500179073
23.390000000000857,7.014515963362468,1.2810804430980992e-05,-0.005378428836554215,-0.0006549236793344421
23.40000000000086,7.0105271797997375,-5.064576854715789e-05,-0.00475561921708602,-0.0008505449868880578
23.41000000000086,7.00700799522352,-0.00014164699988496545,-0.004139419144510986,-0.001052910544003711
23.42000000000086,7.004136611064342,-0.00020109048020251907,-0.0035190118182599622,-0.0012602375721468696
23.430000000000863,7.001583914877781,-0.00025987595501222985,-0.002934128088847045,-0.0014774205671742532
23.440000000000865,6.999848327791047,-0.00029841318400410127,-0.0023319268459326397,-0.0016962052559837198
23.450000000000866,6.998275857833457,-0.0003390112572790869,-0.0018010794929858751,-0.0019281869973928932
23.460000000000868,6.997226179329138,-0.0003613245160953345,-0.0012712815255962982,-0.002162743553644481
23.47000000000087,7.004137322744262,-0.00028238700021869674,-0.0001820176836947105,-0.0023267766214983524
23.48000000000087,6.999025039811323,-0.00040863342625951894,-0.0007230769398205646,-0.0027025817884667185
23.490000000000872,6.995384266529051,-0.00041949958873035206,-0.0002233015264680597,-0.002942036465541755
23.500000000000874,7.008549439166538,-0.000352030446954648,0.0014750079780038166,-0.003037609281695586
23.510000000000876,7.002912147160891,-0.0004085790939650351,0.0002535796510354218,-0.0034870929482863073
23.520000000000877,6.997635597672338,-0.00038123315035813797,0.0005508535486533545,-0.003747083690720154
23.53000000000088,7.012228058728003,-0.00032845018004339056,0.002354318942857773,-0.003835974635869742
23.54000000000088,7.008476313881588,-0.00036346100183531286,0.0011084751066632458,-0.004268439168203832
23.550000000000882,7.003271196206332,-0.00030662798600964336,0.0011528342779728996,-0.004548057002059135
23.560000000000883,7.018296928010333,-0.00022680658947821372,0.0028132294396924725,-0.004654684851590395
23.570000000000885,7.017184832583139,-0.00026964359201588935,0.0017379290801257245,-0.0050461309904521745
23.580000000000886,7.011773966927731,-0.00021648600632185163,0.0014771723930113924,-0.005343562759409395
23.590000000000888,7.0269085613692805,-0.00011313687095899008,0.002996954011466514,-0.005462474389302569
23.60000000000089,7.037679550863356,-7.53543423611239e-05,0.0027573868391655688,-0.0057518067615518155
23.61000000000089,7.0303286964712814,-0.00010286392718375347,0.0014952595969203355,-0.006126097400345767
23.620000000000893,7.0362787233830515,-3.635142519289629e-05,0.002469283654900411,-0.006288049338547034
23.630000000000894,7.050582171763631,2.0960643078792807e-06,0.002938357822667841,-0.006495114830684907
23.640000000000896,7.044607043196133,-2.7175696652045465e-05,0.001612715815760607,-0.0068488869856775545
23.650000000000897,7.043246591557764,3.375756729967342e-05,0.0019199938977307678,-0.007055605179512017
23.6600000000009,7.058800448179986,9.905576923205405e-05,0.002890960738507502,-0.007207298865218974
23.6700000000009,7.069578604028526,0.00014676297843546792,0.0025922445091427246,-0.007456289142560192
23.680000000000902,7.062656458790314,0.00014120333531016633,0.0014411657092218328,-0.007758492259186673
23.690000000000904,7.075237969607325,0.00021297044628382054,0.0026100746447635112,-0.007883688228988692
23.700000000000905,7.088276469333109,0.00020255454093773208,0.002591306127288524,-0.008091936705999225
23.710000000000907,7.0812695554073875,0.00020896504404274287,0.0013208977477629775,-0.008375116970719632
23.72000000000091,7.093162638020626,0.00025894035135745315,0.0024324082080345185,-0.00849469220083182
23.73000000000091,7.1065508060952265,0.00024175990308349443,0.002479149474381482,-0.008680103497699551
23.74000000000091,7.099802651694556,0.0002660822003166138,0.0012038207773781956,-0.008934721777787412
23.750000000000913,7.11221963156119,0.0002765156171672929,0.0023335424393596833,-0.009043361878397056
23.760000000000915,7.125711697343414,0.00025126563471449215,0.002362584380769849,-0.009211197528414755
23.770000000000916,7.119221907032841,0.00029774281148254396,0.0010953050731443707,-0.009435817587707422
23.780000000000918,7.132205844861024,0.0002590902643385838,0.002266285333431808,-0.009532558050373677
23.79000000000092,7.145952903093575,0.0002254356648470397,0.0022855063089478778,-0.009681837938673884
23.80000000000092,7.139961149751042,0.00029628690533925993,0.0010229164729186311,-0.009876210886417934
23.810000000000922,7.153358645373498,0.00020608951275987572,0.0022257231306432273,-0.009962052122305871
23.820000000000924,7.167417100120458,0.00016404987424297347,0.00224767582289798,-0.010091695552303714
23.830000000000926,7.162398530926543,0.00025822268166574204,0.0010015449239210372,-0.010255061773268827
23.840000000000927,7.17598738324763,0.00012010432135583547,0.002222752667849369,-0.01033090847852982
23.85000000000093,7.1902917953569645,6.989330380600667e-05,0.0022638913632269373,-0.010440042892891728
23.86000000000093,7.187712577865287,0.00017424696498906085,0.0010901205880101226,-0.010571461101160782
23.870000000000932,7.200906386097853,9.039754293138782e-06,0.002244190792099159,-0.010639238049872313
23.880000000000933,7.2150656608664105,-4.958852915802146e-05,0.0023220315839426755,-0.010727259339223597
23.890000000000935,7.224491744299944,-4.423255641312954e-05,0.0020017528321374617,-0.010819951065812378
23.900000000000936,7.234182446206977,-9.11786841785796e-05,0.0020959415450067134,-0.010890433491425829
23.910000000000938,7.245552840882779,-0.00016016091684622666,0.0022746954615216,-0.010957240527479024
23.92000000000094,7.2556143268588364,-0.00019713262589538008,0.0021984296901725966,-0.011026531367228209
23.93000000000094,7.265363280251483,-0.00024408512878677937,0.0022276066479774885,-0.011068687698846143
23.940000000000943,7.275904073581698,-0.0003101960997553028,0.002350174059011828,-0.011133407655394858
23.950000000000944,7.286087694065256,-0.0003586243064915553,0.0023780124414321513,-0.011158278429345674
23.960000000000946,7.29613347983846,-0.00041323017452706776,0.0024438939254475506,-0.011197878309839695
23.970000000000947,7.30652264491984,-0.0004807034354569881,0.0025534509957275357,-0.011274671189656684
23.98000000000095,7.316900807400461,-0.0005197010981782716,0.0026371842160674425,-0.011132693132777684
23.99000000000095,7.327280403838236,-0.000592506249019613,0.002732313639143684,-0.011274653906325966
24.000000000000952,7.3378212974850765,-0.0006663103181447611,0.0028409234074078856,-0.011389737205024446
24.010000000000954,7.348453892797197,-0.0007046894027590836,0.0029480569946300087,-0.011202384770726614
24.020000000000955,7.359158185881658,-0.0007786583144099009,0.0030567349525520895,-0.011322874351286233
24.030000000000957,7.369970538414082,-0.0008562711102568021,0.0031657258951552428,-0.01146085518952812
24.04000000000096,7.380886372078417,-0.0008952152353883837,0.003277501833098749,-0.011267444164403746
24.05000000000096,7.391895818260456,-0.0009449790905404067,0.0033886024379202887,-0.011168643175019012
24.06000000000096,7.403001225168812,-0.0010315104344589987,0.0034921959105881466,-0.011379184831989601
24.070000000000963,7.414202031499722,-0.001080665292777443,0.0035975173399298978,-0.01127020715797452
24.080000000000965,7.425494291080799,-0.001126444475699911,0.0037006259983665218,-0.011141426003842044
24.090000000000966,7.43687478664922,-0.0012109375969842143,0.0037942125895433863,-0.011346178996854066
24.100000000000968,7.448340528448261,-0.001258155021857762,0.0038886238904353365,-0.011238773488841966
24.11000000000097,7.459888004668991,-0.0013004956203935358,0.0039792987535551706,-0.011102929847200056
24.12000000000097,7.471513458215009,-0.0013806234923909764,0.00405940951948176,-0.011296095645775396
24.130000000000972,7.483213101480921,-0.001421180403941528,0.004138376632133688,-0.011161992891728376
24.140000000000974,7.4949831454288205,-0.0014587893061125516,0.004232642479138428,-0.011020202848032323
24.150000000000976,7.506819395965754,-0.001533587316940221,0.004100215409857913,-0.01118461107845123
24.160000000000977,7.518721670889568,-0.0015630557244449023,0.006092454447611082,-0.011178124271095134
24.17000000000098,7.5306505935820045,-0.001600451911891319,0.0026006047351080346,-0.010737340692643179
24.18000000000098,7.542633401191706,-0.0016672254248932378,0.002504513628383018,-0.010869542251774724
24.190000000000982,7.554750136847967,-0.001686677781856547,0.006911204116972328,-0.011065925786345757
24.200000000000983,7.566910195830616,-0.001715082122386183,0.004606241929560992,-0.010691394132541098
24.210000000000985,7.579052104005597,-0.001776822130116092,0.0011666527490147573,-0.01048192747951843
24.220000000000987,7.591300450642116,-0.0017882981705779446,0.006397402525514008,-0.010783117515509763
24.230000000000988,7.603631594926204,-0.0018137262411602856,0.0009517351889124582,-0.010046079870760347
24.24000000000099,7.616033153302569,-0.0018315068924878034,0.006299278340839245,-0.010478729705012214
24.25000000000099,7.628507989332153,-0.0018556359078082234,0.004846650080715964,-0.010211675428566387
24.260000000000993,7.6409993766814255,-0.0018742067293610718,0.003933187922994726,-0.009981264212800186
24.270000000000994,7.653555314541022,-0.0018934669769836788,0.0007656523690793263,-0.009482236905273507
24.280000000000996,7.666265869913249,-0.0019086445859752504,0.0051715001656763415,-0.009849014946835889
24.290000000000997,7.679104652837754,-0.0019342909710979724,0.004723992962091241,-0.009671074513528376
24.300000000001,7.691977140622961,-0.001963384412782915,0.004071153704971493,-0.009465627690081503
24.310000000001,7.704900449522611,-0.001995741314812759,0.0031618111983369164,-0.009208765501472408
24.320000000001002,7.717914704253455,-0.002030535708699754,0.003915644419329612,-0.009156545859485637
24.330000000001004,7.731024177035507,-0.0020718297142316797,0.0029278336924237285,-0.008881226759328256
24.340000000001005,7.744227657620439,-0.0021142019998265514,0.0037592303903689816,-0.00883854126370596
24.350000000001007,7.7575235074303235,-0.0021603769815714134,0.0037232751541767008,-0.008677771576283938
24.36000000000101,7.770891523994834,-0.002207632372206054,0.004291822325218811,-0.00859845934081128
24.37000000000101,7.784316661964362,-0.0022564397387749087,0.004568207266612003,-0.00847742265356793
24.38000000000101,7.797778913112699,-0.0023054284477407334,0.0049341084225860985,-0.008367225446547319
24.390000000001013,7.8112622829240115,-0.002354259626513967,0.00525892216599065,-0.008249274807273548
24.400000000001015,7.824750011730553,-0.002402272088361023,0.0055774380857303175,-0.008128588990637883
24.410000000001016,7.838225927997412,-0.002448957888193986,0.005882317944916131,-0.008003976635818534
24.420000000001018,7.851674091212911,-0.002493789109487094,0.006173033985879806,-0.00787523152571395
24.43000000000102,7.865079011060121,-0.0025363050595734343,0.00644870505495368,-0.0077421079355028
24.44000000000102,7.878425769753981,-0.0025761003188304868,0.006707838691735533,-0.00760426632196811
24.450000000001022,7.891700138171633,-0.0026128350720604236,0.006948991632071954,-0.007461366139033787
24.460000000001024,7.904888694485022,-0.002646227341605291,0.007170545502852499,-0.007313032050614232
24.470000000001026,7.917978940992275,-0.0026762395240068322,0.007370822859273942,-0.00715887445348656
24.480000000001027,7.930959419058715,-0.0027028224738855646,0.0075481141631538184,-0.006998495125353325
24.49000000000103,7.943819818293482,-0.0027258834756522902,0.007700729138865213,-0.006831497833798384
24.50000000000103,7.956551079028509,-0.0027453839294599353,0.007827045388857095,-0.006657499566725177
24.510000000001032,7.969145484289149,-0.0027613348416056153,0.007925557779648368,-0.0064761421935166305
24.520000000001033,7.981596737126464,-0.002773790256308186,0.007994925968667032,-0.006287104144499608
24.530000000001035,7.99390002031966,-0.00278283950489046,0.00803401861038865,-0.006090111742553436
24.540000000001037,8.006052035969516,-0.0027886001840311796,0.008041952650092542,-0.005884949736165281
24.550000000001038,8.01805102297944,-0.002791210794062071,0.008018126310731183,-0.005671470589502887
24.56000000000104,8.029896750983436,-0.0027908239265371764,0.007962244629783306,-0.005449602104403583
24.57000000000104,8.041590489943587,-0.002787599593808581,0.007874336792025493,-0.005219352821214772
24.580000000001043,8.05313495535823,-0.0027816848247038026,0.007754772342398703,-0.004980659263584064
24.590000000001044,8.0645342297636,-0.002773163603913365,0.007604285514204079,-0.004732885687113672
24.600000000001046,8.07579366192829,-0.0027621992716236024,0.0074238939863015725,-0.004476335624915196
24.610000000001047,8.08691974577741,-0.0027489648763033966,0.007214916710854613,-0.004211555094770835
24.62000000000105,8.097919981596862,-0.002733599073232817,0.0069789664773341155,-0.003939093682790389
24.63000000000105,8.108802722704649,-0.0027162266813450173,0.006717924569761007,-0.003659522138373786
24.640000000001052,8.119577010943281,-0.002696934908333825,0.00643391065224443,-0.0033734657867534206
24.650000000001054,8.130252404616689,-0.002675838076046481,0.0061292528721584106,-0.0030816157957257425
24.660000000001055,8.140838802157221,-0.00265290918622698,0.005806456965730318,-0.00278472130972652
24.670000000001057,8.151346266084387,-0.002628548034521036,0.005468181076992313,-0.002483581202959718
24.68000000000106,8.161784846872099,-0.0026012261184083334,0.0051171934010450035,-0.0021790279667558508
24.69000000000106,8.17216442702647,-0.002579955970348648,0.004756416233358193,-0.0018719472663387949
24.70000000000106,8.1824944907438,-0.0025016263942454257,0.004388465200253242,-0.0015630997833456664
24.710000000001063,8.192784502128397,-0.00402159993313927,0.004023718338266401,-0.0012552711634008379
24.720000000001065,8.203028197284707,-0.0013391644510959073,0.003638745894422372,-0.0009307391465633268
24.730000000001066,8.213243399841392,-0.0010144252633627656,0.003267761070823708,-0.0006316163147706464
24.740000000001068,8.22346733360374,-0.00514724211946174,0.002918388007175067,-0.00034158069335084757
24.75000000000107,8.233668661852082,-0.0008810494881816502,0.0025458772486997598,-1.1599388710381803e-05
24.76000000000107,8.243849201554005,-9.895896552276934e-05,0.0021925763485927626,0.00027833811516834994
24.770000000001072,8.254063519062202,-0.00560332713771644,0.001868677356342287,0.0005515699472231014
24.780000000001074,8.264270139809016,-0.00016695875757675356,0.0015299796244251037,0.0008744612164796077
24.790000000001076,8.274464597192146,-0.004091462195502751,0.001230861596506744,0.0011431275172050638
24.800000000001077,8.284663547684124,-0.0002420155869219598,0.0009344060310851958,0.0014393770263979896
24.81000000000108,8.294866941129472,-0.0030936509649886045,0.0006696354377227589,0.0016961791643713105
24.82000000000108,8.305082497633911,-0.003458147346460685,0.0004203137747950125,0.0019702877516790825
24.830000000001082,8.315274771161436,0.0010776488603383928,0.00018764201929245686,0.002243335872197583
24.840000000001083,8.325479035496558,-0.0036113950473653177,-1.5337170087530058e-05,0.0024690803085716502
24.850000000001085,8.335693255927183,-0.0027729832161194788,-0.00020261306233866638,0.0027265579562571565
24.860000000001087,8.345871888191912,0.0007356232309236531,-0.000369119693719023,0.0029731395904974956
24.870000000001088,8.356049108723532,-0.004078681494857778,-0.0005157373435254826,0.0031825101042407032
24.88000000000109,8.366210708077036,-0.0033664398194832414,-0.0006443981930856355,0.003422974928472128
24.89000000000109,8.376306899781694,0.0003818080327983283,-0.0007531852893355733,0.003653236017556319
24.900000000001093,8.386372322794529,-0.00415974171999813,-0.0008504576558687312,0.0038460564113762213
24.910000000001094,8.396398175538632,-0.003975807910374784,-0.0009304203204916359,0.004066135971331345
24.920000000001096,8.406331570212052,0.0002307946626942249,-0.000992013581309833,0.004280792275581442
24.930000000001098,8.416204698061035,-0.004438906443153584,-0.0010502499686992955,0.004457009520190987
24.9400000000011,8.42601242517715,-0.0042362155554030905,-0.0010926431339647765,0.00465979227821844
24.9500000000011,8.435701032467827,-0.0031977870705343888,-0.0011236944261623003,0.004858872041108488
24.960000000001102,8.445271793909797,-0.0031947838403474822,-0.001147111327435025,0.005042171692890817
24.970000000001104,8.454733858779866,-0.0029395729385888964,-0.001162473303471791,0.005218294723476603
24.980000000001105,8.464084073146758,-0.0031587663197568164,-0.001171707603845209,0.005388689776993517
24.990000000001107,8.473313812542093,-0.003025166988934298,-0.0011746123795196468,0.005556172762728823
25.00000000000111,8.482414639214372,-0.0031468129816583663,-0.001173001828518101,0.0057181252062677565
25.01000000000111,8.491380776599105,-0.0031327155854595726,-0.0011671402686733372,0.0058757420350329945
25.02000000000111,8.500206044406964,-0.0031068586181884584,-0.0011579475666064552,0.006028668549560754
25.030000000001113,8.508885518566059,-0.00316661729392056,-0.0011462887349123255,0.006176883182751977
25.040000000001115,8.517414079180345,-0.0030716884117612513,-0.0011323798299464208,0.006321075217135
25.050000000001116,8.525787389689624,-0.0031125358491974255,-0.0011172786867841593,0.006460476042279642
25.060000000001118,8.534001788048219,-0.0030176340641684825,-0.0011010359054246654,0.006595839672693785
25.07000000000112,8.54205388656209,-0.003001358523560218,-0.0010844632257931458,0.006726675446948011
25.08000000000112,8.549941069740063,-0.0029159591679789347,-0.0010677136396122435,0.006853317715289617
25.090000000001123,8.557661023600618,-0.0028537467484082554,-0.00105128745076164,0.006975617708875947
25.100000000001124,8.565212019787573,-0.0027634114294307595,-0.0010353998679394703,0.007093636096210459
25.110000000001126,8.572592717702882,-0.0026724596236262286,-0.0010203458568930287,0.00720735141985055
25.120000000001127,8.579802202360892,-0.00256860833992567,-0.0010063110401590972,0.007316744952401717
25.13000000000113,8.586839929341938,-0.0024585130463332092,-0.0009934664852556741,0.007421797532229655
25.14000000000113,8.593705689539627,-0.0023405220933392676,-0.0009819344919406712,0.007522476243641926
25.150000000001132,8.600399573147095,-0.0022165678249239052,-0.0009731784982263142,0.007618937478725697
25.160000000001133,8.606921925891452,-0.0020872271588338346,-0.0009684748770196395,0.007711285592631203
25.170000000001135,8.61327330320468,-0.0019536404429628114,-0.0009680011103402644,0.007799457140136254
25.180000000001137,8.619454422281633,-0.0018167780153939617,-0.0009719163441877529,0.007883389164514434
25.190000000001138,8.625466120026928,-0.0016776781148851968,-0.0009803597642142469,0.007963013475054707
25.20000000000114,8.631309310741802,-0.0015373479992775052,-0.0009934471813854088,0.008038248777092343
25.21000000000114,8.636984944082016,-0.001396775635898756,-0.0010112664013976528,0.008109019013782168
25.220000000001143,8.642493967918426,-0.00125690823777607,-0.001033873361156734,0.008175237272071636
25.230000000001144,8.647837292943889,-0.001118641837737785,-0.0010612874706738991,0.008236807093988595
25.240000000001146,8.653015758804516,-0.000982810587946818,-0.001093486063337276,0.008293656127310986
25.250000000001148,8.658030106724135,-0.0008501760174688501,-0.0011304026317311938,0.008345648790930974
25.26000000000115,8.6628809526447,-0.0007214237530457598,-0.0011719181729609764,0.008392762950435645
25.27000000000115,8.667568764035014,-0.0005971513273959279,-0.0012178665776786282,0.008434778027150798
25.280000000001152,8.672093845931052,-0.00047787850080343664,-0.0012680189897009086,0.00847181585048218
25.290000000001154,8.676456316951905,-0.00036402218539915683,-0.001322105963261732,0.008503410693188952
25.300000000001155,8.68065611228281,-0.00025594342663749683,-0.0013797792690320525,0.008530184336121792
25.310000000001157,8.684692960224396,-0.00015384994617277225,-0.0014406908104525572,0.008550409810055254
25.32000000000116,8.688566380762396,-5.814239644330728e-05,-0.0015042677412736387,0.008570985391587502
25.33000000000116,8.692275762276852,3.424614343108151e-05,-0.0015718213844211197,0.008497895189836556
25.34000000000116,8.695819897830257,0.00011391966587958859,-0.0016377088984490728,0.008603552076775507
25.350000000001163,8.699199564169593,0.0001943027273849139,-0.0017084623327217902,0.008504415339248294
25.360000000001165,8.702400727374037,0.0002686127313449734,-0.001779324396642197,0.00840372072793412
25.370000000001166,8.705532794253063,0.0003254055875408641,-0.0018489782697347966,0.008583733809714413
25.380000000001168,8.703849996062166,0.00038281116864277985,-0.0017828898563652185,0.008650933077341593
25.39000000000117,8.711422134632999,0.0004421512049759173,-0.002129407792041927,0.008461118996745913
25.40000000000117,8.707376557624732,0.00048295060937976844,-0.001846492097318186,0.00856466675749367
25.410000000001173,8.711968973324858,0.0005164481001929697,-0.002182100702148381,0.00867451716152891
25.420000000001174,8.722124192468588,0.0005726317013948578,-0.0024437799939537094,0.008451526600152973
25.430000000001176,8.713634279704467,0.0005844851461470619,-0.0018929511510758907,0.008295282382053324
25.440000000001177,8.721451842114872,0.0006208514520325005,-0.0025095789854556556,0.008489540699018253
25.45000000000118,8.731528764482126,0.0006606277340434365,-0.0026606218400561142,0.008336708928538064
25.46000000000118,8.721906100085295,0.0006484399387723884,-0.002009226995978758,0.008145987104401209
25.470000000001182,8.7179527427395,0.000662150422571044,-0.0022546029996192672,0.008320349039501702
25.480000000001183,8.73074847899408,0.0007183251640654718,-0.0029428465153525135,0.008187995276270243
25.490000000001185,8.72658873497045,0.0007010830484794487,-0.0023248297984318385,0.007992612650960268
25.500000000001187,8.719665063135897,0.0006937174640152933,-0.0022531760232999427,0.008147507108570508
25.510000000001188,8.73266562428376,0.0007803904152006651,-0.0031044312320812747,0.007987535308407982
25.52000000000119,8.741215491398567,0.0008005887208660377,-0.0029587004691434583,0.007796483150963215
25.53000000000119,8.731379630320903,0.0007458295311190403,-0.002219933650178982,0.007939043403015841
25.540000000001193,8.726325125504538,0.0007961321534466806,-0.0024368695626149394,0.007751234004762704
25.550000000001194,8.739424846169792,0.000914772169016637,-0.003249431813661473,0.0075527513138303574
25.560000000001196,8.733756445402985,0.0008461465902448785,-0.002415865856395097,0.007689847767119605
25.570000000001198,8.726581939772158,0.0008775272500802728,-0.0023575749057183947,0.007483946689371672
25.5800000000012,8.73941401836641,0.0010303586963081068,-0.0032871003318798433,0.007265383808000612
25.5900000000012,8.734259429489047,0.0009469608281027549,-0.002435244164168177,0.007394348322846791
25.600000000001202,8.726710075996525,0.000976706434279537,-0.0023235330597546565,0.00717882276422087
25.610000000001204,8.73920056927471,0.001155274460500133,-0.003284807627862467,0.006939737983082745
25.620000000001205,8.733129682194697,0.001046879684890178,-0.0023531745178229264,0.007048322762604767
25.630000000001207,8.725499969924774,0.0010823069005050862,-0.0022685755761456053,0.006831831438442571
25.64000000000121,8.737729805765628,0.0012822771813568452,-0.0032475735665072995,0.006577591020512018
25.65000000000121,8.730775897662163,0.0011585452372345146,-0.002232997229574078,0.0064904630878001605
25.66000000000121,8.722824921674741,0.001191409392291566,-0.0021686656699917814,0.006352250348287847
25.670000000001213,8.734604002273937,0.001404922670664447,-0.0031666310512400353,0.006144994288811817
25.680000000001215,8.726960185150466,0.001252969866116614,-0.002092315165114257,0.006052682618976931
25.690000000001216,8.718555518191293,0.001285613092628584,-0.0020357034517033247,0.005919321377206113
25.700000000001218,8.729572910413408,0.001511771412200848,-0.003040878946949442,0.005720019211168425
25.71000000000122,8.721411819444212,0.0013352518163826657,-0.00193643265293217,0.0056348361615288925
25.72000000000122,8.712541300748088,0.0013669596390741975,-0.001881101068975189,0.0054969142412674395
25.730000000001223,8.722250878472886,0.0015993480834464832,-0.0028605861260379956,0.005291664342843422
25.740000000001224,8.71382295173713,0.0014092366750540623,-0.0017758555739900274,0.005210227176003735
25.750000000001226,8.704593247121602,0.0014388812623813774,-0.0017162128232217897,0.005065615645842499
25.760000000001227,8.710307651040162,0.0016386310028955907,-0.0025023545289316025,0.004860342439552119
25.77000000000123,8.702581333670366,0.0014854264640510922,-0.001657394595721678,0.004765392351363068
25.78000000000123,8.693764301962958,0.0015088384392472115,-0.0015783583328142865,0.004614903025831558
25.790000000001232,8.689251789067573,0.0015720316013060163,-0.0017550874194379304,0.004444855025575177
25.800000000001234,8.684046882720795,0.0015801164418216735,-0.0016446143635807926,0.004291971407083885
25.810000000001235,8.677573317471932,0.0015921203763749347,-0.0015313680230525616,0.004137383741570912
25.820000000001237,8.672310519645297,0.0016338740143988864,-0.0015625357560862814,0.0039695216779049485
25.830000000001238,8.667005911719793,0.0016537563547103621,-0.0015111579328531935,0.0038063843884170844
25.84000000000124,8.661085705975454,0.0016674729334087129,-0.0014316519532988031,0.003643662196020006
25.85000000000124,8.655467960187885,0.001692731369986613,-0.001402236518398826,0.003474760091823866
25.860000000001243,8.64980075475189,0.0017099974699216285,-0.001343412989594887,0.0033071516225081686
25.870000000001244,8.643806816873667,0.0017235604290070693,-0.0012694454310010377,0.003139619478651705
25.880000000001246,8.637778544270928,0.0017406708064259357,-0.0012100845268117567,0.0029694196376510297
25.890000000001248,8.631645476123552,0.001755189681126804,-0.0011460048976439932,0.002798649899237261
25.90000000000125,8.625299182386083,0.0017680178843803107,-0.0012609569048017944,0.0026067910919080946
25.91000000000125,8.618801740214652,0.0017812610744345153,-0.0014804604788678762,0.0024007140414591187
25.920000000001252,8.61214209754173,0.0017933503457225033,-0.0016888958627442174,0.002193081485109189
25.930000000001254,8.605277267751429,0.0018042012445142913,-0.0018825403532131892,0.0019847995265840548
25.940000000001255,8.59820378523482,0.0018143133108456753,-0.002060441211349495,0.0017764127318282946
25.950000000001257,8.590915851497721,0.0018235097784256703,-0.0022225822773309168,0.001568198361238168
25.96000000000126,8.583398072829894,0.0018317726774013513,-0.0023708787586770234,0.0013601005186614757
25.97000000000126,8.575640211135237,0.0018392208850846,-0.0025058125391294516,0.0011520071179491618
25.98000000000126,8.567634831944021,0.0018458356465995626,-0.00262776811900772,0.0009441998221068605
25.990000000001263,8.55937386112221,0.0018515920140041594,-0.0027374179251506013,0.0007369536416942166
26.000000000001265,8.550849907107859,0.0018564808602560261,-0.002834422851822765,0.0005305979012548422
26.010000000001266,8.542056843018619,0.0018604794928532094,-0.0029186203195033086,0.0003254233261281609
26.020000000001268,8.532989420488368,0.0018635607602293263,-0.0029897344133324013,0.00012174960878738134
26.03000000000127,8.523643208535576,0.0018656959601985482,-0.0030473888160540774,-8.008418709503967e-05
26.04000000000127,8.514014712158263,0.001866851977375103,-0.0030910892166913146,-0.00027972215496190246
26.050000000001273,8.504101412285369,0.00186699344287339,-0.003120743825878045,-0.0004768674094623019
26.060000000001274,8.493901768626614,0.0018660842857359408,-0.0031350646499144143,-0.0006710475839501248
26.070000000001276,8.483415252997233,0.0018640865129415066,-0.003139516055471104,-0.0008628066978073857
26.080000000001277,8.472642275213365,0.0018609774641409375,-0.0030801785554908506,-0.0010436064573844293
26.09000000000128,8.46158515327206,0.0018562372016369063,-0.004396367997779895,-0.0014374616159419124
26.10000000000128,8.450220389763704,0.001851189232019492,-0.0016896583753626014,-0.001201883457937653
26.110000000001282,8.438576497381465,0.0018445210550480783,-0.0013451031965718862,-0.0013261600151572219
26.120000000001284,8.426721907698203,0.001836171700043482,-0.004963106775939618,-0.0020886021144568973
26.130000000001285,8.414594052828354,0.001831870919673585,-0.0038176771510541776,-0.0020907817696793583
26.140000000001287,8.402134963677156,0.001959549396081872,0.0007717772351506159,-0.001511786151366421
26.150000000001288,8.38946499914273,0.002153201013245405,-0.003879901667526432,-0.002454924809470904
26.16000000000129,8.376598384773558,0.0023482891518155267,0.0007914459487141632,-0.0018355224704554197
26.17000000000129,8.363522907139005,0.0025270634302343854,-0.003566789729182301,-0.0027453264213352733
26.180000000001293,8.350238815765083,0.0026986547997908026,-0.0021634769341113695,-0.0026704830568775534
26.190000000001294,8.336668363176534,0.0028642493491772554,0.0006490764915841342,-0.0023386674439511007
26.200000000001296,8.322883904141275,0.0030166407916331164,-0.0016139149497768558,-0.0028875248690133164
26.210000000001298,8.308908564339756,0.0031688805102921013,-0.0015795482384322241,-0.00303261115916157
26.2200000000013,8.294696643246509,0.0033200564087469955,-0.0003826884948091821,-0.0029659920459526217
26.2300000000013,8.280265485914137,0.003454066038150818,-0.00024342716437470436,-0.0030806113000157475
26.240000000001302,8.26564442018131,0.003592831996556411,-1.844504617458712e-05,-0.0031737605817255257
26.250000000001304,8.250841457557895,0.0037167721546102193,0.0005734121800174297,-0.0031951684078965663
26.260000000001305,8.235869191571055,0.0038442305720839593,0.0003109669636205775,-0.003369616922168947
26.270000000001307,8.220733003386702,0.003944611140637606,0.0008930112005507524,-0.0033812523675495853
26.28000000000131,8.205438333390212,0.004072680449355753,0.0008375781112565126,-0.003507488278048005
26.29000000000131,8.1899949979165,0.004113924929719383,0.0011385204749846268,-0.003561128017896566
26.30000000000131,8.174408873145277,0.0043359002588936255,0.0012496661513584602,-0.003646053228030186
26.310000000001313,8.158687415255821,0.004075169392998665,0.0014109079706013427,-0.003715777867489742
26.320000000001315,8.142838876209868,0.007353963291776645,0.0015169223743018362,-0.003792336182959466
26.330000000001316,8.12684219954008,0.002861932128238072,0.0016558083478834616,-0.0038450950522066363
26.340000000001318,8.110715439448258,0.0028364046994300038,0.0017529397887101976,-0.003917932813047733
26.35000000000132,8.09451240959513,0.007852555935481363,0.001811238957581892,-0.004001968796091752
26.36000000000132,8.078193407100224,0.0022320181735213805,0.0019044786820712851,-0.004032504450087244
26.370000000001323,8.06176529844287,0.002664421691001093,0.001971867441744592,-0.004106318243396213
26.380000000001324,8.045286700161428,0.00796511691955713,0.0020195632073769366,-0.004188773932164704
26.390000000001326,8.028712272522219,0.0018152732547984073,0.0021175787562894947,-0.004031086470312723
26.400000000001327,8.012051845165184,0.0058737712045380955,0.002178988523793928,-0.004182285776818426
26.41000000000133,7.995335278565077,0.0024467725471369085,0.002279722867317969,-0.004301462624390699
26.42000000000133,7.978565846514662,0.0031179423631896835,0.002341163243777794,-0.004124586096628281
26.430000000001332,7.96177554211504,0.0066517862038850215,0.0023987024458374134,-0.00428552145703195
26.440000000001334,7.944932629253606,0.0024569441699300336,0.0024968315505551723,-0.00441116190925812
26.450000000001335,7.928047906340723,0.0015875301542092497,0.0025539070924801796,-0.004230927059875189
26.460000000001337,7.91117761421749,0.007036459895736757,0.002580391866208449,-0.00439887488968963
26.47000000000134,7.894289256509206,0.005489741727917526,0.002641795048501137,-0.004523376363687241
26.48000000000134,7.877350587922466,4.448138524341585e-05,0.002704545291109606,-0.004316810262444555
26.49000000000134,7.860431959903044,0.0056959209387552785,0.0027020589020474066,-0.004486619983387997
26.500000000001343,7.843543988726808,0.0005181315796670232,0.0027571362210550778,-0.004610411107477093
26.510000000001344,7.826685886697662,0.005291450969814244,0.002724981938067392,-0.0044272258097351885
26.520000000001346,7.809865272075011,0.004122425391659282,0.0027353081642049097,-0.004551747885273621
26.530000000001348,7.79305711055951,-0.0002567551200542875,0.0027578784357351477,-0.0046714374878831415
26.54000000000135,7.776313982029826,0.004346957267605783,0.0026976676499590392,-0.0044896014117348365
26.55000000000135,7.759643211902745,0.003922359040149042,0.0026746116992880527,-0.004593694856595407
26.560000000001352,7.7430134325323525,-0.0009777733886224438,0.002673625769149583,-0.004708236466376056
26.570000000001354,7.726471050893369,0.00405054931925906,0.0025863576613337136,-0.004524884817193854
26.580000000001355,7.710023422200448,0.003444456405360746,0.002532633985717598,-0.0044304925596529016
26.590000000001357,7.693638586634545,0.0019176772251876893,0.0024912676294242993,-0.004613172450151823
26.60000000000136,7.677336432574075,0.0022593233783468774,0.002420110460230677,-0.004486932991864112
26.61000000000136,7.661134161579325,-0.0012013580031743592,0.002366268769963138,-0.004356548185772568
26.62000000000136,7.645059976524579,0.002638427079066152,0.0022774208032966623,-0.004573443025511853
26.630000000001363,7.629114652016631,0.0024563934131400663,0.002197711544042711,-0.004487597852076334
26.640000000001365,7.6132732047897616,0.0018519302419177076,0.0021152955412452844,-0.0043265219388926015
26.650000000001366,7.597544531001612,0.0011271308188132963,0.002044409787950035,-0.004512465368065291
26.660000000001368,7.58194530005998,0.0013772511861351545,0.001955212303600976,-0.0044152636364595535
26.67000000000137,7.56648451871466,0.0007597182632088023,0.0018664201900293262,-0.004259170530591229
26.68000000000137,7.5511680752042,0.0010999689721398508,0.001784873503552068,-0.004441311823578332
26.690000000001373,7.536001194698133,0.0006966756198887805,0.0016944187035770563,-0.004305054810953384
26.700000000001374,7.520988046342893,0.0008394479530946326,0.0016008565620394743,-0.0041528194187142355
26.710000000001376,7.506134219905535,0.000663850959036135,0.001520663473886007,-0.0043296825619579034
26.720000000001377,7.491444141473801,0.0006838531659110953,0.0014283263991953044,-0.00417147385750715
26.73000000000138,7.476922890531017,0.0006030292864245574,0.0013371280544970713,-0.004009992813117937
26.74000000000138,7.462574954772349,0.0005978112200830236,0.0012577132272633767,-0.00417691824006602
26.750000000001382,7.448404743520466,0.0005591975445579391,0.0011682232681669168,-0.004002385343439048
26.760000000001384,7.434416655215014,0.0005366538928403146,0.0010801355300734537,-0.0038297707478904507
26.770000000001385,7.420615244290557,0.0005281958620697327,0.0010037587042024717,-0.003981402602017201
26.780000000001387,7.4070049668531235,0.0005125335603503174,0.0009183058669966371,-0.0037947670771029812
26.79000000000139,7.393590220910489,0.0005002038740935651,0.0008346178742858169,-0.003611485132918633
26.80000000000139,7.380375367157166,0.000503524039973644,0.0007618800461251988,-0.0037410621537270626
26.81000000000139,7.36736474527756,0.0004982190745789375,0.0006812946304939878,-0.0035477534648024425
26.820000000001393,7.354562669720721,0.0004956167289893044,0.0006025016508425713,-0.003356380286339522
26.830000000001395,7.34197343265483,0.000504730592501648,0.0005331057043786662,-0.003441924967985516
26.840000000001396,7.329601302122533,0.0005068420880261572,0.00045783821637780675,-0.0032550932712472514
26.850000000001398,7.3174505202275855,0.0005102471432539887,0.00038413856607565967,-0.003064254573212495
26.8600000000014,7.305525305305384,0.0005176419048185233,0.00031440749093082583,-0.002961306861684175
26.8700000000014,7.293829849557551,0.0005255015020033584,0.00024590983433850605,-0.0028457601007181137
26.880000000001402,7.282368314955278,0.000532980593735869,0.00017831818755842827,-0.0027064188690538067
26.890000000001404,7.271144832046907,0.0005410100604120846,0.00011278343898147143,-0.0025922163068070035
26.900000000001405,7.260163498419524,0.0005486250343217465,4.869849510065406e-05,-0.0024811418216161
26.910000000001407,7.249428375247387,0.0005550687171623987,-1.4366601501943913e-05,-0.0023568922201843896
26.92000000000141,7.238943483649944,0.0005605014345287072,-7.598045347220295e-05,-0.0022404237221414786
26.93000000000141,7.22871280106517,0.0005644758395129156,-0.0001363352892127077,-0.0021253366341004083
26.94000000000141,7.2187402570948365,0.0005665383114263657,-0.00019565567228557124,-0.0020027096658136235
26.950000000001413,7.209029729034952,0.0005666156525156106,-0.0002537803154633197,-0.0018815451937328085
26.960000000001415,7.1995850371864885,0.0005644472937975338,-0.0003107731605697866,-0.0017598554531709277
26.970000000001416,7.190409939816112,0.000559772878431069,-0.0003667246945734536,-0.0016335548412751424
26.980000000001418,7.181508127843757,0.0005524791051053455,-0.00042156858050168566,-0.0015062799122186905
26.99000000000142,7.172883219289318,0.0005424153723946329,-0.0004753074403390699,-0.0013776576239359639
27.00000000000142,7.1645387534109455,0.0005294446161284618,-0.0005279542721103599,-0.0012460668903976398
27.010000000001423,7.156478184566143,0.0005134896208574246,-0.000579461409416555,-0.0011128528690863334
27.020000000001424,7.148704875818443,0.0004944837059374474,-0.0006297923678041232,-0.000978186083819046
27.030000000001426,7.141222092268939,0.00047238047063599323,-0.0006789102720727077,-0.0008415764009482537
27.040000000001427,7.134032994088187,0.000447165386675332,-0.0007267529562570023,-0.0007035242019430822
27.05000000000143,7.127140629318885,0.00041884541305695777,-0.0007732519015602789,-0.00056430334962429
27.06000000000143,7.120547926389471,0.000387449895172751,-0.0008183323552688269,-0.00042389111604466316
27.070000000001432,7.1142576863699,0.00035303211506603616,-0.0008619064903108238,-0.00028253947884789065
27.080000000001434,7.108272574981791,0.0003156673889273036,-0.0009038803183805318,-0.0001404992938578714
27.090000000001435,7.102595114379669,0.0002754529206650421,-0.0009453874327632842,2.041758115101684e-06
27.100000000001437,7.097227675806647,0.00023250743196571126,-0.000989489434215964,0.00014479361003398404
27.11000000000144,7.092172478145088,0.0001869706290051525,-0.001036447309553558,0.00028758424450128816
27.12000000000144,7.087431592007566,0.0001390026446569362,-0.0010863483741876119,0.000430284444863103
27.13000000000144,7.083006938422261,8.8783975598164e-05,-0.0011392416404850036,0.0005728098060961015
27.140000000001443,7.078900291276973,3.65154448728751e-05,-0.0011952864210475068,0.0007151217760741326
27.150000000001445,7.075113284919736,-1.7583951237612348e-05,-0.0012544030579678769,0.0008570553968823466
27.160000000001446,7.0716474039728245,-7.327602069578445e-05,-0.001316455271882428,0.0009984691973491631
27.170000000001448,7.068504010537973,-0.0001303029668736083,-0.00138133933980973,0.0011392683472745818
27.18000000000145,7.065684309971689,-0.00018838773914501894,-0.0014489027542356,0.0012793334382126547
27.19000000000145,7.063189396938783,-0.0002472338960709936,-0.0015189464541618682,0.001418542071393781
27.200000000001452,7.061020254844217,-0.0003065243869656746,-0.0015912266139078545,0.0015567885804975013
27.210000000001454,7.05917750354013,-0.00036591916295086795,-0.0016654605646168122,0.0016939649062852316
27.220000000001455,7.057663045776356,-0.00042506774730278194,-0.0017413010130802827,0.0018299594698577685
27.230000000001457,7.056470161055983,-0.00048352255511669747,-0.001818535616047883,0.001964666022386667
27.24000000000146,7.05565527238814,-0.0005413535044337955,-0.0018955403048364927,0.0020979625951524894
27.25000000000146,7.05475954734498,-0.00059416945643085,-0.001982935243840039,0.0022299062620174275
27.26000000000146,7.060503732142359,-0.0006963301100832726,-0.0019117742828025205,0.0023570877424284853
27.270000000001463,7.055098337852159,-0.000661784200337574,-0.0022696445424577683,0.002490869446606045
27.280000000001465,7.052663295560697,-0.0007302128861631701,-0.0022889338701944386,0.002617179968785989
27.290000000001466,7.064122298360602,-0.0008833216459899149,-0.0019727349006083924,0.002731056394160992
27.300000000001468,7.057291766443605,-0.0007871560685393475,-0.002611697187103333,0.0028689710551608634
27.31000000000147,7.051995060215036,-0.0008573219123882497,-0.002665649665870701,0.0029913318419633977
27.32000000000147,7.065433182152659,-0.0011132117723298353,-0.0020939275004253992,0.0030867545061779946
27.330000000001473,7.062217643049239,-0.001012746911960456,-0.00277664142706892,0.0032214282290592665
27.340000000001474,7.055676801457918,-0.0010633365923089799,-0.0030060463749973674,0.00334594158607783
27.350000000001476,7.069419681839698,-0.0014177750278267576,-0.002240977041402254,0.0034198246830492766
27.360000000001477,7.0791053218785995,-0.0014777506070901894,-0.0024592791022830436,0.0035177579563929542
27.37000000000148,7.070406910840058,-0.00132760920612669,-0.0033727973539093665,0.003678483066935882
27.38000000000148,7.069953389649495,-0.0015540811754470609,-0.0030543220117726683,0.0037675673404404674
27.390000000001482,7.083774163680532,-0.001908361678901891,-0.002408235940904291,0.0037866505196359336
27.400000000001484,7.079239205803943,-0.0017049049256646171,-0.0034205797526323718,0.003969302773926742
27.410000000001485,7.0765963749584895,-0.0018780095443988543,-0.003383854734388158,0.004061695624020663
27.420000000001487,7.091253057028472,-0.002350020355883061,-0.002463049665149595,0.003902842516753172
27.43000000000149,7.10241253391092,-0.0024195738071150176,-0.002682462733878931,0.004087112287108161
27.44000000000149,7.09484790929835,-0.002151140437993189,-0.003855117798871285,0.004342149425810509
27.45000000000149,7.106588232277778,-0.002717834841699706,-0.0026777489915364655,0.004089594247048973
27.460000000001493,7.1193663349197465,-0.002816792595947174,-0.002632917665571172,0.004266317882449857
27.470000000001495,7.112209884259156,-0.0024603899454746793,-0.003987660902331508,0.004569415404900782
27.480000000001496,7.123688104011972,-0.0030552749107457667,-0.0027306530567596412,0.0042894455444867415
27.490000000001498,7.136878898307351,-0.003146361116654213,-0.00262596842922063,0.004451286870472078
27.5000000000015,7.130167845870604,-0.0027380742033708497,-0.004078593735639656,0.00477417322885164
27.5100000000015,7.1423691829394285,-0.003361812033530076,-0.002681458459530595,0.004455969812249016
27.520000000001502,7.155891772150968,-0.003411984496022488,-0.0025864270476385746,0.004607799522102073
27.530000000001504,7.149610057794701,-0.0029624125030560237,-0.004122955662731981,0.004945946633275859
27.540000000001505,7.162616126408431,-0.003602461424885124,-0.0025816881781954367,0.004582125410889311
27.550000000001507,7.176582171179386,-0.0036075904066434706,-0.0025001972499094456,0.004722079610753092
27.56000000000151,7.170852522700038,-0.003128011255882959,-0.004111357238755582,0.005073917261079023
27.57000000000151,7.184537960779228,-0.0037669297159849805,-0.0024522265028336745,0.00466556437161944
27.58000000000151,7.198990406091035,-0.003730675218462529,-0.0023770675163513255,0.004789808908344224
27.590000000001513,7.194036976369568,-0.0032393431257334336,-0.004038614743581281,0.005152616302490522
27.600000000001515,7.2082169397187625,-0.0038549130078229165,-0.0023071678993237155,0.004706782277383874
27.610000000001516,7.22310869038493,-0.003783485328896597,-0.0022317104496239015,0.004809320599562943
27.620000000001518,7.219373969332658,-0.003310613123416941,-0.00388788928832613,0.005177779171190092
27.63000000000152,7.2337689706099715,-0.003868425490076935,-0.0021648793338454697,0.004709278459496932
27.64000000000152,7.248945566117705,-0.0037721211889723476,-0.0020821581005964988,0.004770903904671718
27.650000000001523,7.248326083060165,-0.0034020431721360563,-0.0035184931807952674,0.005123430737138908
27.660000000001524,7.262141994200305,-0.0038009188550478636,-0.00208348698278104,0.004683420587194921
27.670000000001526,7.276990416354024,-0.0037102184976195197,-0.001982440348417517,0.004547593362899966
27.680000000001527,7.287239846632861,-0.0037286706325218846,-0.0023458591369233768,0.0047890687167866965
27.69000000000153,7.298028496302598,-0.003630944456176864,-0.0022353878932496146,0.004649842742247728
27.70000000000153,7.310205177623795,-0.003566482245587363,-0.002078130179994773,0.004469179503320129
27.710000000001532,7.320979823649643,-0.003484434251131638,-0.0021802761266626817,0.004670400465918207
27.720000000001534,7.331664196815941,-0.0034242754328181373,-0.002151061085635452,0.004727948962917928
27.730000000001535,7.342985710326037,-0.0033766847342333794,-0.0020694957013595353,0.004499482848550591
27.740000000001537,7.353833209647018,-0.003331779859394217,-0.0020897634987471834,0.004414012812307843
27.75000000000154,7.3646190053842995,-0.0032578415423999635,-0.0020480570613176916,0.0045728404365942
27.76000000000154,7.37568655871533,-0.003202728451441739,-0.0019895723158629133,0.004388604478855282
27.77000000000154,7.386640578318168,-0.003161521696550209,-0.001967372865233912,0.004235782797799231
27.780000000001543,7.397582399272611,-0.0030759357424347865,-0.0019139546835335024,0.004402455767184133
27.790000000001545,7.408648957597231,-0.003013898920878676,-0.0018636501428801462,0.004241389213602422
27.800000000001546,7.419731459092823,-0.0029647534343519855,-0.001823978880129806,0.004070101751216433
27.810000000001548,7.430836132879965,-0.002870962535680927,-0.0017644607919626043,0.004226904408338567
27.82000000000155,7.442005918952474,-0.0029133216325716057,-0.0017163426662598917,0.004057325195952489
27.83000000000155,7.453220433347625,-0.0032453578161738663,-0.0016670041764047451,0.0038790039639865653
27.840000000001552,7.464467624849836,-0.003535090426778427,-0.0016004776845420367,0.004025493046695055
27.850000000001554,7.475747624901613,-0.0038226319623050104,-0.0015516571437674057,0.003840435385934763
27.860000000001556,7.487051559388727,-0.004094402629756153,-0.0015041863165764057,0.0036542762559843914
27.870000000001557,7.49836925662401,-0.004312858967358381,-0.0014399745772276239,0.0037911134592882568
27.88000000000156,7.509693242761803,-0.004550044003733607,-0.0013941689441722563,0.003594654854838517
27.89000000000156,7.521015634390933,-0.0047768906658654155,-0.001349280026056521,0.0034011463643043942
27.90000000000156,7.5323278903549395,-0.004950170327826617,-0.001287212536936873,0.0035268549662134355
27.910000000001563,7.543621846337343,-0.005150023481209898,-0.0012430595846812907,0.0033230208947730025
27.920000000001565,7.5548896717917735,-0.005324691114312086,-0.0012003903573954565,0.0031239005940565025
27.930000000001566,7.566123776953912,-0.005465553675171984,-0.00113925264046844,0.0032349660636466987
27.940000000001568,7.577316884897213,-0.005588043772785369,-0.001096812472106073,0.003028954121896411
27.95000000000157,7.588462354557425,-0.005775692550628489,-0.0010548986964393006,0.002826870698148934
27.96000000000157,7.599553598813049,-0.005695449827229136,-0.0009937725211004696,0.0029139620500231176
27.970000000001573,7.610585846988589,-0.006497825718239387,-0.0009599110243574843,0.0027150181905820003
27.980000000001574,7.621548733168468,-0.005071749472371171,-0.0007880273846835607,0.002487150603344056
27.990000000001576,7.632443010869946,-0.009441630786240048,-0.00141132707888654,0.0025432924317199926
28.000000000001577,7.643247590476058,-0.004055318718874777,0.0010253394200787321,0.0019042001159390405
28.01000000000158,7.653938090426126,-0.0038330278995361185,-0.0026694466054303255,0.0025539178174605525
28.02000000000158,7.664608117581328,-0.009958963264218764,-0.002819991044269937,0.002495540568283063
28.030000000001582,7.675282973940763,-0.002927381773647604,0.0014871146845634774,0.0014783237890202364
28.040000000001584,7.6858851350238995,-0.0042243762213988074,-0.0030570272300645086,0.0023193714670115173
28.050000000001585,7.69646723237023,-0.008884892452485494,0.0007089670555032523,0.0014465687568986172
28.060000000001587,7.706999619939474,-0.002873636287705727,2.846889894334036e-05,0.0014809436629442529
28.07000000000159,7.717435887240956,-0.005040900585922791,-0.004352075828014594,0.002273552680225221
28.08000000000159,7.727905636198842,-0.00762795789294564,0.0007016263131438319,0.001136178926447189
28.09000000000159,7.738366023747813,-0.0017943943658502671,-0.00018541631942533806,0.0012159370414338406
28.100000000001593,7.748759584057604,-0.007411511675055741,-0.003778311278406349,0.0018304156591347266
28.110000000001595,7.759169145737926,-0.001061004964324228,0.00030490246595806257,0.0009003580085923357
28.120000000001596,7.769606236692153,-0.0069629095205913285,0.0002652260338566969,0.0007982972171128121
28.130000000001598,7.779998996336155,-0.0005950325860682098,-0.0009273599696360865,0.0009414417607826325
28.1400000000016,7.790368738016727,-0.006320764704282267,-0.00033002087670070795,0.0006906524953056001
28.1500000000016,7.800742121767687,-0.0005691670705070876,-0.0011998575506790496,0.0007286131506879292
28.160000000001602,7.811126812973954,-0.005313880287391448,-0.00037368553257555685,0.00046954336165407344
28.170000000001604,7.821531419810411,-0.003796645268935377,-0.0007850785518133658,0.00041044633628961515
28.180000000001606,7.831921821520009,0.0006086533011437717,-0.0006093348197456576,0.00025270143637401063
28.190000000001607,7.8423508744399,-0.003583086160422277,-0.0005298213537070884,0.00010440125745024735
28.20000000000161,7.852821660864509,-0.00344328063742846,-0.0005299208932145129,-2.8089876864406777e-05
28.21000000000161,7.863297341491414,0.0020834515850813515,-0.0004210524605537958,-0.00017665491596702515
28.220000000001612,7.873818531388311,-0.0032836004408811396,-0.000350722927378333,-0.00033614749730426116
28.230000000001613,7.88438787394437,-0.002458894758142149,-0.00024839606802065043,-0.0004903435401889578
28.240000000001615,7.894965855875586,-0.0006009956564843463,-0.0001764197416670049,-0.0006370266876973979
28.250000000001616,7.905567684561363,-0.0011823184285310144,-7.844503561887363e-05,-0.00079969233454796
28.260000000001618,7.916203777787436,0.0026416076130011245,-4.928111022537779e-06,-0.0009577795658796828
28.27000000000162,7.926893563417589,-0.0013755295979740922,0.0001192755546919926,-0.0011304239081452745
28.28000000000162,7.937630226611907,-0.0010778120624845306,0.00021969281654502702,-0.0012924235983894075
28.290000000001623,7.948381249302341,-0.00028187075092279886,0.0003175405300503943,-0.001453096042751863
28.300000000001624,7.95914900113736,0.0003413584861716911,0.0004167058424359289,-0.0016195895442030895
28.310000000001626,7.969941650257475,0.00035650640589403386,0.0005187375527303788,-0.001788532262887351
28.320000000001627,7.980759842337277,0.0007748319053109351,0.0006190619666612244,-0.001956424194924071
28.33000000000163,7.991600699933927,0.000670847513376417,0.0007204045030816905,-0.0021257578319797002
28.34000000000163,8.002460472783785,0.0009415691241902607,0.0008183977020405819,-0.002295089081104164
28.350000000001632,8.013334909866263,0.0008982274279050035,0.0009150503071091054,-0.002464912808404605
28.360000000001634,8.024220366718257,0.001034579529307716,0.001007961668822266,-0.002634276692416566
28.370000000001635,8.03511257956016,0.0010431064721489899,0.0010976298652934347,-0.002803530987346669
28.380000000001637,8.046007581770843,0.0011033159249836764,0.0011828621528424798,-0.0029722453675911894
28.39000000000164,8.056901110753742,0.0011232904966807465,0.001263367576066691,-0.0031403413932114864
28.40000000000164,8.06778905374835,0.0011495221051201407,0.001338423411652477,-0.0033075961641882024
28.41000000000164,8.078667280103817,0.001162611048234582,0.0014090138470929253,-0.003474021740358823
28.420000000001643,8.08953175619971,0.001172113143248457,0.0014867458859834641,-0.003640563813587041
28.430000000001645,8.10037832401504,0.0011754091016512552,0.0015743924388858588,-0.0038072094038147037
28.440000000001646,8.111202520606422,0.0011745497109044499,0.001671858212412244,-0.003973657796063631
28.450000000001648,8.121999566544172,0.0011697486792935352,0.0017787379087629224,-0.004139607038279172
28.46000000000165,8.132764427815479,0.0011617788480321881,0.0018943313705960618,-0.004304743296170993
28.47000000000165,8.143491867093076,0.001151139430010142,0.002017670757855297,-0.00446874079758273
28.480000000001652,8.154176488572853,0.0011383364884267936,0.0021475488311726997,-0.0046312712968801404
28.490000000001654,8.164812783464438,0.0011237983358985714,0.0022825589029041656,-0.004792011972844349
28.500000000001656,8.175395180012101,0.0011079336276537037,0.0024211443131805918,-0.004950650434586298
28.510000000001657,8.185918096703029,0.001093554936709772,0.002561654397678968,-0.0051068899056193025
28.52000000000166,8.196376004411869,0.0010825372889890213,0.002702402559036651,-0.005260462779957394
28.53000000000166,8.2067634907183,0.00107501675532587,0.0028417214401296486,-0.005411132254945779
28.540000000001662,8.217075309727425,0.0010711010352754907,0.0029780109858001586,-0.005558687062013969
28.550000000001663,8.227306420607038,0.0010708929024295737,0.0031097779440880814,-0.0057029432262272785
28.560000000001665,8.237452022131501,0.0010744917801227794,0.0032356661455745063,-0.005843746273254921
28.570000000001667,8.247507583149547,0.001081985861952267,0.003354478092781427,-0.0059809702470175734
28.580000000001668,8.257468867914524,0.0010934471599511279,0.003465206343782799,-0.006114516581995171
28.59000000000167,8.26733195833928,0.0011089266967632746,0.003567201267201747,-0.006244319539009717
28.60000000000167,8.277093153618946,0.0011284506988194635,0.003659966790598335,-0.006370331916562397
28.610000000001673,8.286749021554195,0.0011520166902839748,0.0037429484668022586,-0.0064925140155484146
28.620000000001674,8.296296629410463,0.0011795900166798733,0.0038157072848278763,-0.00661084207230891
28.630000000001676,8.30573334434007,0.0012111021746209348,0.003877903442831894,-0.006725306010127424
28.640000000001677,8.315056806168487,0.001246448611745168,0.0039292962503150565,-0.006835907439391515
28.65000000000168,8.324264938543033,0.0012854871720122177,0.003969733439454931,-0.006942657877256164
28.66000000000168,8.333355943921488,0.001328033541202132,0.003999137577885677,-0.007045576988102073
28.670000000001682,8.34232828283434,0.0013738364131339535,0.00401749290654573,-0.007144690721577042
28.680000000001684,8.351180649682929,0.0014233991403708138,0.004024831100805335,-0.007240029571533993
28.690000000001685,8.359911950088335,0.0014761687124826893,0.004021224895913901,-0.007331630929203956
28.700000000001687,8.368521277138028,0.001531288837257666,0.004006775280905908,-0.007419533659736176
28.71000000000169,8.377007884898681,0.001588487551723347,0.003981600150590333,-0.007503773247785856
28.72000000000169,8.385371162291541,0.0016474502602040907,0.003945828239163072,-0.007584388003970344
28.73000000000169,8.39361060823536,0.0017078463061408627,0.003899593087835486,-0.007661417472013459
28.740000000001693,8.401725807173438,0.0017693348924468228,0.003843029506342121,-0.0077348969188087485
28.750000000001695,8.409716405062396,0.0018315758835586598,0.003776273912646275,-0.007804863462410341
28.760000000001696,8.417582086305524,0.0018943115481105668,0.0036994719219009117,-0.00787135299845229
28.770000000001698,8.42532255182679,0.0019573247705802666,0.0036128019563435973,-0.007934395767540573
28.7800000000017,8.432937498041126,0.002020298237628389,0.003516545239869583,-0.00799402712210559
28.7900000000017,8.440426596043125,0.002082902471500544,0.003411374274088524,-0.008050266515382121
28.800000000001702,8.447789468375099,0.002145070829366275,0.0034482215438982767,-0.008101548643785107
28.810000000001704,8.45502437640191,0.002207008105694691,0.003912461411211913,-0.008141989595192444
28.820000000001706,8.462124554280479,0.002267816998960343,0.004402932920613404,-0.008172335865905567
28.830000000001707,8.46907975819313,0.0023270149421135557,0.004888561680773607,-0.008197906145711267
28.84000000000171,8.475881585901366,0.0023849611256012773,0.005365492441900194,-0.008204611491640897
28.85000000000171,8.48252323253875,0.002439978291169528,0.005830590142255834,-0.008230345330157315
28.860000000001712,8.488997645891208,0.0024983428234072796,0.00627963478135401,-0.008104723472828156
28.870000000001713,8.495298489310878,0.002546064263688868,0.006712429751621632,-0.008194684421486515
28.880000000001715,8.501420725076352,0.0025924830226388453,0.007124593140419433,-0.008253275076304783
28.890000000001717,8.507359970510983,0.002646150149489209,0.007510873931084086,-0.008028999709422701
28.900000000001718,8.513112705124401,0.002685879146467815,0.007874075621974614,-0.008128276763877451
28.91000000000172,8.518676663869126,0.0027236765219389282,0.008208286109275658,-0.008206750996823562
28.92000000000172,8.524050539771727,0.002769036205410191,0.008506843732770582,-0.007955119321424085
28.930000000001723,8.529234085813615,0.00280227781805144,0.00877399957629867,-0.007998384090557049
28.940000000001724,8.53422836948262,0.002831398936708261,0.009004389357062052,-0.008088982222641435
28.950000000001726,8.539035488324945,0.002867110688381365,0.009189908389266784,-0.007832707248720684
28.960000000001727,8.543658709740313,0.002896846044013775,0.009334003375481717,-0.007669761819475444
28.97000000000173,8.548102591641982,0.0029158544374285993,0.009438408072096012,-0.007818789858232053
28.98000000000173,8.552372526055825,0.00293920522749624,0.009492107043018087,-0.007659670213336484
28.990000000001732,8.556475180434552,0.002959905905572918,0.00949796516461765,-0.007463814116323947
29.000000000001734,8.560418114592409,0.002970722562484744,0.00946231899193755,-0.0076133819269127686
29.010000000001735,8.564209288731156,0.0029838705451888693,0.00937438777825728,-0.007483989284831631
29.020000000001737,8.56785856996114,0.002994636638979822,0.009238159517086422,-0.0072835668533758205
29.03000000000174,8.57137396406212,0.0029972514755320467,0.00906321805451885,-0.007428909836004847
29.04000000000174,8.574767770878566,0.0030008237237258845,0.008838551229087433,-0.007271959379290787
29.05000000000174,8.57804717657578,0.003000796799770788,0.00857178805208895,-0.007090277170252547
29.060000000001743,8.58122343932481,0.0029946449183329313,0.008273788547938334,-0.007246440582050421
29.070000000001745,8.584318903477323,0.002987680384410587,0.007932797322839448,-0.007074054439825299
29.080000000001746,8.587255002416857,0.0029756576499411283,0.0075616520296700575,-0.006900833356272281
29.090000000001748,8.5905120198556,0.0029642713432719778,0.0071585334009026235,-0.007062977602940091
29.10000000000175,8.5870405928133,0.0028726380227597956,0.006919988607672671,-0.006867900670672563
29.11000000000175,8.594902618082227,0.0029673723357733226,0.006145852128528545,-0.006728481622752801
29.120000000001752,8.601227288671655,0.0029224360821205318,0.0057284891811389856,-0.006882135325188124
29.130000000001754,8.592443196480234,0.0027488044556275397,0.00576492107413803,-0.006653487225627555
29.140000000001756,8.602366746454384,0.0029361138828716987,0.004630009597798578,-0.006550972816846398
29.150000000001757,8.611853202461578,0.0031038635839057685,0.004155248784362246,-0.006674851873284204
29.16000000000176,8.602273284306914,0.003184818460485446,0.004424823354435883,-0.006431190992826978
29.17000000000176,8.610743836838854,0.0036500231268312773,0.003214956981447424,-0.006353411461686035
29.180000000001762,8.621465897451468,0.0038615557163607104,0.002644581554006295,-0.0062891109625203695
29.190000000001763,8.612324208406308,0.003883666670910615,0.003080095996160347,-0.006117097303447133
29.200000000001765,8.61047267125782,0.004166121689587044,0.0023281389172257706,-0.006053782562121932
29.210000000001767,8.623673662673282,0.00450488269817317,0.0012112466430431975,-0.00605700975571437
29.220000000001768,8.619243738779254,0.004495840265800532,0.0016709503930759436,-0.00587992457384691
29.23000000000177,8.61446978640964,0.004716197876446501,0.001333466578747526,-0.005791671145623043
29.24000000000177,8.628457739129892,0.005066896305828974,7.563654751740497e-05,-0.0058267258098398875
29.250000000001773,8.638422259834188,0.00521476196066217,-3.8043821204358856e-05,-0.005719096108783152
29.260000000001774,8.629701694606009,0.005160141967965715,0.0006214087470585141,-0.005500170349355794
29.270000000001776,8.627706554865968,0.005254751085322454,3.347823684684534e-05,-0.00544482807302203
29.280000000001777,8.641517811885747,0.005516260110303893,-0.0009535473976514575,-0.005447151964857868
29.29000000000178,8.636582484700781,0.005421903675704265,-0.000229107986720163,-0.005204953431853228
29.30000000000178,8.631381568708033,0.005551750660121744,-0.00038472956821740585,-0.005081013638658647
29.310000000001782,8.64544530173003,0.005750041038644467,-0.0014435924599760838,-0.0050861130640632935
29.320000000001784,8.643685959240006,0.005636006192294996,-0.0008339137411093231,-0.004842101169572088
29.330000000001785,8.63666465326811,0.005682915684048688,-0.0006818189719732847,-0.004658304800376579
29.340000000001787,8.649865413968591,0.0057804563713500425,-0.0016927284781141807,-0.0046451694578033735
29.35000000000179,8.646685096446474,0.00559319721874519,-0.0010372325045057732,-0.004374414671104986
29.36000000000179,8.639680335444773,0.005642347907782546,-0.0009127575649539228,-0.004177276763311799
29.37000000000179,8.652637694426002,0.005609199827017855,-0.001824808672810695,-0.004135312418909499
29.380000000001793,8.647591735247131,0.005426261949329555,-0.0010938135909524303,-0.003833613975394021
29.390000000001795,8.640482586674684,0.005435763642122699,-0.0010225370841273956,-0.0036273023055274486
29.400000000001796,8.653151034315917,0.005240221432616038,-0.0018614022072711602,-0.003557871929151037
29.410000000001798,8.646831345375178,0.005144176101881208,-0.0010934776720983306,-0.0032310230558970053
29.4200000000018,8.639209568213463,0.005053638358497613,-0.0010376192117279067,-0.003010285845903815
29.4300000000018,8.651304598290755,0.0046905261132392925,-0.0018322431942149515,-0.002917631806180496
29.440000000001803,8.643980842117351,0.004786476029526175,-0.0010522334007652713,-0.0025722974451849357
29.450000000001804,8.63569877706565,0.00447112129228955,-0.0010005284090501313,-0.0023377885049318723
29.460000000001806,8.64700051039188,0.004007017858454588,-0.0017667413642127817,-0.002225236537665997
29.470000000001807,8.638835436191346,0.004525015544544116,-0.0009899989617586896,-0.0018671092775054835
29.48000000000181,8.629864590991295,0.0035447223706232566,-0.0009399052234096194,-0.001621767814571548
29.49000000000181,8.640112534077595,0.0032928421509614996,-0.0016833633320390228,-0.001491040946933811
29.500000000001812,8.631292822556654,0.0076736008216547755,-0.0009355430911973711,-0.0011278072877536822
29.510000000001813,8.621663911644603,0.0016518501898880541,-0.0008754160861285767,-0.0008863706932018785
29.520000000001815,8.630317797366132,0.0013760037587096476,-0.001585966064844433,-0.0007342895005220837
29.530000000001817,8.621103848874073,0.0018002028728731504,-0.0008813198889043306,-0.000365763357591344
29.540000000001818,8.611044164513151,0.0028640960634854673,-0.0008475967433321486,-0.00010034657905568
29.55000000000182,8.615497543224844,0.0008603284928306615,-0.0014150047307306712,7.330610575111078e-05
29.56000000000182,8.606948922816454,0.006421698913642108,-0.00091333449167451,0.0004116246104098035
29.570000000001823,8.597272587888266,-0.0002470230518319488,-0.0008612779608299146,0.0006653563874865164
29.580000000001824,8.592041676260697,-0.00028738778672072985,-0.0010444365125845568,0.0009081631338407262
29.590000000001826,8.585693268752541,0.00451228987312038,-0.0010087223025938296,0.0011833206878188792
29.600000000001828,8.578269256171467,-0.0008246155689009551,-0.0009709137932704544,0.0014424687430224866
29.61000000000183,8.572277232333354,-0.0006377001517672847,-0.0010477587842871873,0.0017013125544816823
29.62000000000183,8.565920577921496,0.0038341531576887994,-0.0010616702333746525,0.001968099824776667
29.630000000001832,8.559070205291343,-0.001342850790709201,-0.0010617214982624134,0.0022223173388057327
29.640000000001834,8.552682554450115,-0.0009733693010654133,-0.0011076666252890467,0.0024840700326168074
29.650000000001835,8.546110021460517,0.003268091827507031,-0.0011387231730083291,0.002745937692530429
29.660000000001837,8.539260017369761,-0.0017818617861798606,-0.0011597044903547972,0.0029957370144726003
29.67000000000184,8.532473178463237,0.0017744584415759711,-0.0012133075420139078,0.0032532310765647
29.68000000000184,8.525556760342903,-0.0018422439919793608,-0.0012541296434688816,0.0035017693614265983
29.69000000000184,8.518456096312914,0.001087949144755187,-0.0013112667731435238,0.003755465208515088
29.700000000001843,8.511281240585294,-0.0016004682812394194,-0.0013711550143007054,0.003999506273508553
29.710000000001845,8.50398370088659,-0.0018170328796624944,-0.001440190608582704,0.004246694679609273
29.720000000001846,8.496552066108594,0.001900941153364062,-0.0015241848300876252,0.004490258338458522
29.730000000001848,8.488991878102258,0.0006929020796403588,-0.0016074931027455874,0.004722501338027235
29.74000000000185,8.48127119975174,-0.002776400596648035,-0.001691170462353368,0.0049551682584188066
29.75000000000185,8.473418524868125,0.001039282865712888,-0.0017989316228885634,0.005190641015430391
29.760000000001853,8.46544127802635,-0.0026309909331786565,-0.0018975829584094905,0.005415998716538004
29.770000000001854,8.457322487202767,0.0009619253875024565,-0.002017543289611262,0.005643603133413107
29.780000000001856,8.44906236140996,-0.0004722471806390499,-0.002132287349096481,0.005861291704909074
29.790000000001857,8.440649978177126,-0.0008680247420979392,-0.0022518854014609594,0.006078284121550367
29.80000000000186,8.432092488383212,-0.0027488337197068584,-0.0023713746377276006,0.006293185026656534
29.81000000000186,8.423405655488397,0.0003781744306449062,-0.0025063555608979514,0.006506544304305719
29.820000000001862,8.414578255038364,-0.0003012564322794415,-0.0026344971953257065,0.006711128158946998
29.830000000001863,8.405589725993345,-0.0025427105431580707,-0.002757014828675104,0.006914027894568157
29.840000000001865,8.396457838960004,-0.00025868307794497714,-0.002889184765736753,0.007116313050134108
29.850000000001867,8.387186169793617,-9.216616014841707e-05,-0.0030173594589711387,0.0073113925936817755
29.860000000001868,8.37775445543878,-0.0029059498084325784,-0.0031385511390952703,0.007503115374121809
29.87000000000187,8.368174937381848,3.3378996753566516e-05,-0.0032526850395492874,0.007696018281125481
29.88000000000187,8.358450975455968,-0.0001166208338330754,-0.0034368863558116255,0.007872948123267266
29.890000000001873,8.348562185555174,-0.0010003531532533554,-0.0032709053857817427,0.008083662152622387
29.900000000001874,8.338516061020943,-0.0008432945787869521,-0.005839471054729753,0.008000553837105483
29.910000000001876,8.32827801477977,-0.001512931307868425,-0.002126784008769036,0.0085816035712754
29.920000000001878,8.317873012242329,-0.0007429797119869808,-0.002217645620663924,0.008750665730222243
29.93000000000188,8.307382736603088,-0.0014893485418150186,-0.006492994870142205,0.008480630448172008
29.94000000000188,8.296726289117968,-0.0008350952540005983,-0.0016888510581705813,0.009151257838350399
29.950000000001882,8.285899829119188,-0.0012567551798796865,-0.005598158144109398,0.008916300671135554
29.960000000001884,8.274936514902702,-0.0010834771317527149,-0.0018545116223627678,0.009458780227740125
29.970000000001885,8.26383034177565,-0.0011191556134393047,-0.005081900027625518,0.00928929561810419
29.980000000001887,8.252579999745887,-0.0011957002667821995,-0.005268781240425424,0.009424867947782823
29.99000000000189,8.241124411932725,-0.0010898652290035776,-0.0006533684316091211,0.010026842255733972
30.00000000000189,8.229550601349288,-0.0012056572182963911,-0.005536051226106993,0.00968738295436027
30.01000000000189,8.217870312600466,-0.001105588243758975,-0.004544200085604697,0.0099214098188884
30.020000000001893,8.206000691608558,-0.0011987511802982298,-0.0009452387248021462,0.01039579682887806
30.030000000001895,8.194027294226142,-0.0011465313258908582,-0.005224124682674892,0.010112157611891985
30.040000000001896,8.181956306491907,-0.001186280371184788,-0.004874398709834102,0.010266398099867825
30.050000000001898,8.169706311314032,-0.0011861552245641435,-0.0036133071047463436,0.010500267940498135
30.0600000000019,8.157306371488513,-0.0012079474645645106,-0.004103516734687628,0.010562439868385858
30.0700000000019,8.144787441480286,-0.001223357927627798,-0.0031268277209715685,0.010750586107978972
30.080000000001903,8.132163430376652,-0.0012409756269147168,-0.003978023524351454,0.010771948531553718
30.090000000001904,8.11943746310837,-0.0012621190265897334,-0.0033951230652563822,0.010912550763567095
30.100000000001906,8.106606467796931,-0.0012844505698490908,-0.0035490913896424046,0.01098341746588374
30.110000000001907,8.093682679590298,-0.001308820561466088,-0.0034732526216496146,0.011066436932517054
30.12000000000191,8.080670448874486,-0.0013354596424256019,-0.003356742578428967,0.011148629714497118
30.13000000000191,8.067577434516997,-0.00136309694440184,-0.0033813273691465956,0.011210624776449707
30.140000000001912,8.054410032149473,-0.001392711710079076,-0.003276805825506977,0.011277488523404421
30.150000000001913,8.041174203065836,-0.0014238060634270554,-0.003245266789970113,0.011335091317349926
30.160000000001915,8.027877082582972,-0.0014545048934633655,-0.0031728179288571705,0.011372337073550624
30.170000000001917,8.014525347392096,-0.001490346958706061,-0.003128938766882313,0.011443062847251377
30.180000000001918,8.00112580990594,-0.00150989527906942,-0.0033651227202375843,0.01132065350215029
30.19000000000192,7.987679527188033,-0.0015539621219577463,-0.003706767354373812,0.011427845238460254
30.20000000000192,7.9741802364859256,-0.0015972458098376407,-0.00403504181756046,0.011518222487014198
30.210000000001923,7.960620537434435,-0.0016120347030717638,-0.004343282253266795,0.01131943032775023
30.220000000001924,7.946994680715114,-0.0016591625979899894,-0.004644293044614706,0.011447978934729078
30.230000000001926,7.933298054640473,-0.0017053526854563618,-0.004933731839735338,0.011567100506581645
30.240000000001928,7.919526583502182,-0.001718758774358598,-0.0052071287821260385,0.011361698563959223
30.25000000000193,7.905676628680958,-0.001756095696554822,-0.005473427213778909,0.011411582673968872
30.26000000000193,7.891745092768202,-0.0018029176474237164,-0.005729546092474531,0.011569585625315543
30.270000000001932,7.877729514031944,-0.0018144375420762722,-0.005968151426809723,0.011382849094084687
30.280000000001934,7.86362813780582,-0.0018313310839873733,-0.006194064354894334,0.011272055630138887
30.290000000001935,7.8494399838591296,-0.0018812936449554036,-0.006408749829430697,0.011480540312729602
30.300000000001937,7.835164922013848,-0.0019055103998902691,-0.006602703445975173,0.011370620351462793
30.31000000000194,7.820803758795361,-0.0019325588417088903,-0.0067781124619386525,0.011241461236089594
30.32000000000194,7.806358313437555,-0.00199656825408957,-0.0069369772066819515,0.011450387856825789
30.33000000000194,7.791831472130789,-0.0020357227696564703,-0.007070863017804645,0.0113425360923594
30.340000000001943,7.77722723731718,-0.002077706938326714,-0.0071813837294537886,0.011215457131138478
30.350000000001945,7.762550772967772,-0.002155101655647163,-0.0072698531117350446,0.011420978945715322
30.360000000001946,7.747808429727232,-0.0022064461254192188,-0.007329560614418918,0.011294928134745662
30.370000000001948,7.733007758185451,-0.0022613443098773705,-0.007362142839965015,0.011165315516137827
30.38000000000195,7.7181575109511344,-0.0023491684035126218,-0.0073684674520020635,0.011362049659755489
30.39000000000195,7.7032676195517835,-0.002409797068794144,-0.007344067283105578,0.011218259545423952
30.400000000001953,7.688349156737201,-0.0024730938469220607,-0.007290660654698113,0.011077077047050457
30.410000000001954,7.673414285816244,-0.002565678852667012,-0.007209047895805331,0.01125173652544676
30.420000000001956,7.658476184288359,-0.00263109145048508,-0.0070973736400396165,0.011093701250474052
30.430000000001957,7.643548954163275,-0.0026972198409782214,-0.006957412184748663,0.010937188064490238
30.44000000000196,7.628647522136337,-0.002784464360376613,-0.006790059302123345,0.011035159012762256
30.45000000000196,7.6137875184872765,-0.0028508764384005763,-0.006596123634236519,0.010885253195286701
30.460000000001962,7.598985147683533,-0.002915250958974978,-0.006377340963601667,0.010725984972766882
30.470000000001964,7.584257054913438,-0.0029830171091449645,-0.006135244309995213,0.01062739440903751
30.480000000001965,7.569620181047744,-0.0030490024155561688,-0.00587178923324018,0.010530362043911425
30.490000000001967,7.5550916152211665,-0.003110426768226381,-0.005589230193281614,0.010406650198112852
30.500000000001968,7.540688448956631,-0.003169074368522298,-0.005289794327236981,0.010286757933768372
30.51000000000197,7.526427632757266,-0.0032243565678026546,-0.004975937620664007,0.010168606847445777
30.52000000000197,7.512325837515821,-0.003275038263395569,-0.00465031010501674,0.010040097168292404
30.530000000001973,7.498399324738806,-0.0033210344443763084,-0.0043155656767892995,0.009904179659994412
30.540000000001974,7.48466382657919,-0.0033622375460645813,-0.003974400778728278,0.009762556756685276
30.550000000001976,7.47113427241359,-0.0033983529424561113,-0.0036295460603015138,0.009613276564834872
30.560000000001978,7.45782496823112,-0.003429237287062324,-0.0032837078910881033,0.009455796070585958
30.57000000000198,7.444749482980174,-0.0034548558105993946,-0.0029395196272756,0.009290499595598162
30.58000000000198,7.431920458733509,-0.0034751968382034,-0.0025995151602659417,0.009117460768185563
30.590000000001982,7.419349576442367,-0.003490284447247554,-0.0022660941980267584,0.008936726994229042
30.600000000001984,7.4070475511887715,-0.003500185887260369,-0.001941483156464263,0.008748542458528104
30.610000000001985,7.395024108632668,-0.003505000031956993,-0.00162770131426395,0.008553244627516658
30.620000000001987,7.383287972041155,-0.003504849118720732,-0.0013265312889848794,0.008351202809861102
30.63000000000199,7.371846872996411,-0.0034998745320108347,-0.0010394936225445043,0.00814282060603167
30.64000000000199,7.360707576245425,-0.0034902325574562515,-0.0007678265656647848,0.007928530736313843
30.65000000000199,7.349875913439239,-0.0034760900721299494,-0.000512469654572249,0.007708779351900454
30.660000000001993,7.3393568269521126,-0.0034576208025656444,-0.00027403842549796693,0.007484011283919646
30.670000000001995,7.329154423122073,-0.0034350021424651308,-5.279178951298117e-05,0.007254657111602098
30.680000000001996,7.3192720323018206,-0.0034084057559179183,0.00014641455690019825,0.007021527790570528
30.690000000001998,7.309712245037227,-0.0033780138693734335,0.00032659762925630194,0.006784845769914761
30.700000000002,7.300476972639983,-0.0033440023140630624,0.0004903979328035786,0.006544811535833128
30.710000000002,7.291567563579478,-0.003306537527960481,0.0006381945652440888,0.006301779026504482
30.720000000002003,7.282984884511091,-0.0032657796213844963,0.0007706182299769442,0.006056067462906726
30.730000000002004,7.274729361147363,-0.0032218806778618356,0.0008884319512964675,0.005807969179152368
30.740000000002006,7.266801043059703,-0.0031749838844611854,0.0009924867030604656,0.00555774924175615
30.750000000002007,7.259199671892123,-0.0031252227631053714,0.0010836910790542943,0.005305646056322037
30.76000000000201,7.251924726981054,-0.003072720560480802,0.0011629866604549403,0.0050518730095857846
30.77000000000201,7.244975474993117,-0.0030175902747007883,0.0012313272553057739,0.004796620021269627
30.780000000002012,7.238351021314543,-0.0029599316039316493,0.001289654980756628,0.004539833107513744
30.790000000002014,7.232050345741286,-0.002899826895747335,0.0013388695863826947,0.004280703816095481
30.800000000002015,7.226072339219418,-0.0028373687591098638,0.0013798689272407128,0.004019415091146966
30.810000000002017,7.220415840410019,-0.0027726445715579354,0.0014135165134314088,0.003756282137005489
30.82000000000202,7.215079657844379,-0.0027057381540179204,0.0014406269560499729,0.0034915264340349603
30.83000000000202,7.210062596867649,-0.0026367405018977224,0.0014619613548982027,0.0032253052919456186
30.84000000000202,7.205363482838329,-0.0025657736838501618,0.0014782248064087707,0.002957754597229025
30.850000000002023,7.200981168463613,-0.0024930679240556036,0.0014900642122486624,0.002689004929749884
30.860000000002024,7.196914558873328,-0.002439999242778314,0.0014980858123689854,0.0024191871991261107
30.870000000002026,7.19316246639959,-0.00258546140183927,0.0015030003388805176,0.0021482515894323357
30.880000000002028,7.18972213598851,-0.0027742734679838937,0.001505163966465599,0.0018748626500761155
30.89000000000203,7.1865888970142855,-0.0029508284678545268,0.0015049002538769058,0.0015988836158395794
30.90000000000203,7.18376095573198,-0.003112407662329443,0.0015025720108056064,0.0013206696104622803
30.910000000002032,7.181229835527038,-0.003259485734365751,0.0014983718374777198,0.001040587628000952
30.920000000002034,7.17899994831348,-0.0033937681080901567,0.0014926729724214815,0.0007589067730927757
30.930000000002035,7.177051335948233,-0.0035154994286740256,0.0014853492937529226,0.0004759159332050919
30.940000000002037,7.175410218118703,-0.003626570288699976,0.0014807012324099362,0.00019118262037457482
30.95000000000204,7.174010351703112,-0.003724365013621713,0.0014805314869658364,-9.539366873452312e-05
30.96000000000204,7.173005089573524,-0.0038154726112024457,0.0014884694253359154,-0.00038421236383640094
30.97000000000204,7.171868519951252,-0.003878939490018267,0.0014934054309928499,-0.0006733122210798128
30.980000000002043,7.177316323457027,-0.004138806133176421,0.0016341172380238097,-0.0009855920637884554
30.990000000002045,7.172056515716498,-0.0038956643533117016,0.0014453376904332536,-0.001244448621586321
31.000000000002046,7.168827173470938,-0.003970184854949923,0.0015032081923052716,-0.0015424212112613712
31.010000000002048,7.180368031706597,-0.00423451505293131,0.001881608300021569,-0.0018960638872720242
31.02000000000205,7.173468003945897,-0.003998794755353853,0.0014761094733406616,-0.0021160544615256745
31.03000000000205,7.16745864354668,-0.0039627923835343385,0.0015244196583641067,-0.0024116564669039286
31.040000000002053,7.180667099402753,-0.004045533947857782,0.002104809756546356,-0.0028002430816232147
31.050000000002054,7.175977494131696,-0.004085398834692598,0.001641145229969568,-0.003004609905820034
31.060000000002056,7.16925218123071,-0.00389100024738666,0.0016228509106756429,-0.003286377023708678
31.070000000002057,7.182639279909495,-0.0037430885561593155,0.002334863103807286,-0.0036962768932757967
31.08000000000206,7.18900211594054,-0.004358803498308534,0.0021756818220717623,-0.003948138498334597
31.09000000000206,7.1802954139979915,-0.003771225024614222,0.001713515895651181,-0.0041477857409328595
31.100000000002062,7.189272737969822,-0.003155731189601493,0.0024227936892905516,-0.004552428578418071
31.110000000002064,7.199047457383307,-0.0036667882645104836,0.002539722735484633,-0.004843970531121541
31.120000000002065,7.189992347262828,-0.00480059070274887,0.0018640255219710465,-0.0049941009442148205
31.130000000002067,7.184920217510303,-0.0015946423084622966,0.0020513078297620304,-0.005305632736715495
31.14000000000207,7.198844328930944,-0.002404440597694829,0.0029436754535183893,-0.00571924191210298
31.15000000000207,7.206158791758165,-0.008854573546060352,0.0027614515799867477,-0.005941790045938637
31.16000000000207,7.1975379155472226,-0.0003925340924178436,0.0020521004193466653,-0.006111344538963716
31.170000000002073,7.2075871510626515,-0.00046499583379720056,0.002990954551773145,-0.006515646231570067
31.180000000002075,7.218185515119538,-0.0009267671619613388,0.00308936153170055,-0.006764812355454238
31.190000000002076,7.209468404739909,-0.007223887883439075,0.0022264332065571927,-0.006847664427162957
31.200000000002078,7.2156200850754715,0.0008067158042616371,0.0029710496485478677,-0.007250568755907656
31.21000000000208,7.228206082342668,0.0005424486155439556,0.00336499271406801,-0.007535378337970064
31.22000000000208,7.220596628249651,-0.005418246536415957,0.0023709317828634535,-0.0075789314744852095
31.230000000002082,7.228866945900045,0.0013312535099169094,0.0032226582807120176,-0.007972710825256803
31.240000000002084,7.241098567990834,0.0011448841091097658,0.0034845512664839788,-0.00821926456954204
31.250000000002085,7.233350166225854,-0.004808745330873298,0.002429917383588531,-0.008243900474157025
31.260000000002087,7.243449505211225,0.0018963109102548242,0.003426224617132563,-0.008640924736000297
31.27000000000209,7.255567193750273,0.001543133118724489,0.003568050865542944,-0.0088514542001719
31.28000000000209,7.247826080923066,-0.003836128599054861,0.0024495418199268083,-0.00885778961466192
31.29000000000209,7.258935400478199,0.0023011908993342076,0.003539231623546836,-0.009244256434591022
31.300000000002093,7.2713097960269515,0.0015799825689026166,0.003624916133158813,-0.009430146798427913
31.310000000002095,7.263848767789947,-0.0024970164415181848,0.0024349447114712405,-0.00941958204497867
31.320000000002096,7.275682220590961,0.002787733590201444,0.00358860294155667,-0.00978674976296218
31.330000000002098,7.2884236505919215,-0.0010983877310373218,0.003675701387039977,-0.009956054879096088
31.3400000000021,7.281402536658568,0.0017907420284178333,0.00234466731546796,-0.00993277074866889
31.3500000000021,7.293788933619976,0.0035987915670983254,0.0035795779803932948,-0.010266588225575444
31.360000000002103,7.306937055431852,-0.0010186513109090279,0.0036488899103439814,-0.010413331384541561
31.370000000002104,7.300597448058244,0.00016018512985763942,0.0023050751148686304,-0.010383135629938338
31.380000000002106,7.31338631966977,0.005063510762439153,0.003512217427892531,-0.010698049279451711
31.390000000002107,7.326878729407357,0.0003151939388755924,0.003555811351873858,-0.010818861801737023
31.40000000000211,7.321552172404276,0.0005877783694029917,0.0022185202044877187,-0.010775389967635626
31.41000000000211,7.334549507589263,0.00598908516725799,0.003397620243459221,-0.011060053368272324
31.420000000002112,7.348305509666188,0.00041161709842681837,0.0034321710873238963,-0.011161253012076253
31.430000000002114,7.344921641654448,0.000858244278798775,0.002168898803424685,-0.01111942431088421
31.440000000002115,7.35770108255948,0.006730034492719222,0.0032177043851970544,-0.011362332435243446
31.450000000002117,7.371422740705186,0.00044091284528788446,0.0032555485735931778,-0.011444781632835065
31.46000000000212,7.379609129526783,0.0010198264686325958,0.0027978173768809737,-0.011486011776753463
31.47000000000212,7.389153716276493,0.007074889014922629,0.002787070632615453,-0.011581963064993551
31.48000000000212,7.400013850389418,0.0006792563234257194,0.0028642236161684313,-0.011650878539761387
31.490000000002123,7.408773651623823,0.0014635146152455036,0.0026099029800149692,-0.011698811304513092
31.500000000002125,7.418209837192095,0.006490599200542843,0.002523453746041929,-0.01177115770438442
31.510000000002126,7.428111394430297,0.0013801898532911643,0.0025110891990702106,-0.011809174203313408
31.520000000002128,7.437076609189653,0.0016738304105704041,0.002342814381692285,-0.011849942541227136
31.53000000000213,7.446531410833713,0.0030029301035199045,0.002273755500853996,-0.011912405836857175
31.54000000000213,7.456134841625812,0.00295517677594043,0.002192640440045362,-0.011790678963698115
31.550000000002132,7.465363232603779,0.003680832975086223,0.0020617691596935676,-0.011897582251764474
31.560000000002134,7.474892286295538,0.0031809655834306224,0.001995002388745275,-0.011998566421150266
31.570000000002135,7.484516241416842,0.0037823176251173597,0.0019051494298051995,-0.011801513189158092
31.580000000002137,7.494039285399273,0.0033968693539540786,0.001804074269157364,-0.011937133314690526
31.59000000000214,7.503720155985118,0.0036824408064671786,0.0017155437991575467,-0.012058996627029972
31.60000000000214,7.513491972919124,0.0036217655179553465,0.0016300977180799595,-0.011848849972236068
31.61000000000214,7.523280557210081,0.003595057617133278,0.00153186386108955,-0.011972841651354097
31.620000000002143,7.533162294781378,0.003694417527789761,0.0014377439994278127,-0.012088053500577685
31.630000000002145,7.543128455606595,0.0035670562942121406,0.001480966605905323,-0.011877395477631588
31.640000000002146,7.553149984154888,0.0036734877469867663,0.001756977703335456,-0.012004143238017613
31.650000000002148,7.563231801109624,0.0035358252018707283,0.002029679593948217,-0.012132053665675342
31.66000000000215,7.573361229940259,0.0036053456074965975,0.0022877482708347544,-0.011920378264392803
31.67000000000215,7.583517506030576,0.0035379048443967666,0.0025213029538622956,-0.01183778230921486
31.680000000002153,7.593688966052732,0.003508476031084313,0.002726855694525314,-0.012009244073979434
31.690000000002154,7.603863497087108,0.0034686788096780713,0.0029167869736813966,-0.011851977389920151
31.700000000002156,7.614026853131466,0.003447352935848444,0.0030863048814137326,-0.01170503313801138
31.710000000002157,7.6241662497637686,0.0033759385115626505,0.0032317035712679403,-0.01187533075885589
31.72000000000216,7.634269953942708,0.003339744330588215,0.00336278518063948,-0.011738129460832455
31.73000000000216,7.644326489361294,0.0033048558396785136,0.0034760345670642964,-0.01155653310114163
31.740000000002162,7.654325068982815,0.003232080711900918,0.003565860164767583,-0.01170602126484304
31.750000000002164,7.664255828849981,0.0031909277529672347,0.003640707278125748,-0.011534597885791533
31.760000000002165,7.674109795607905,0.003151625268884411,0.0036966453791374056,-0.011342355301700288
31.770000000002167,7.683878928032022,0.0030746779891429703,0.003728542234818774,-0.011473909151827364
31.78000000000217,7.69355622422279,0.003032132486186274,0.0037442559806121897,-0.011267715196264908
31.79000000000217,7.703135786526381,0.0029892529660499297,0.003739670127739142,-0.011058837752757154
31.80000000000217,7.7126128586477085,0.0029097405426072864,0.003710570369736601,-0.011167354401435022
31.810000000002173,7.72199149437719,0.002864346304300933,0.0036664391887501805,-0.010937318775248773
31.820000000002175,7.731276887477059,0.0028175921663465835,0.003600822637535258,-0.010709232435664899
31.830000000002176,7.740465992544119,0.002737144430264727,0.0035312236313453965,-0.010774136505375634
31.840000000002178,7.7495575782379955,0.00268600881080901,0.0032171918417111447,-0.010531167590372844
31.85000000000218,7.758557317581003,0.0026392964891958823,0.004910798209594532,-0.010330691978484062
31.86000000000218,7.767437718459828,0.0025753248965281134,0.0014377073114628916,-0.01009497409937648
31.870000000002182,7.776228772223039,0.0027869812150032873,0.0011019800486057828,-0.00994308041430394
31.880000000002184,7.78500815142635,0.0031475734164670265,0.005071599252503151,-0.009822068650290153
31.890000000002185,7.79370575054973,0.0034730260112623523,0.0029574366009631863,-0.009608537002165855
31.900000000002187,7.8022694735114015,0.003770417672029516,-0.0008546225947434626,-0.009409997845200305
31.91000000000219,7.810817350620475,0.004064501071610741,0.0036542796086440075,-0.00928376352793764
31.92000000000219,7.819351027956125,0.004314771940508035,-0.0013346461484870255,-0.009096756827914122
31.93000000000219,7.827858993570613,0.004572147857999202,0.003041457244005702,-0.008929667610786767
31.940000000002193,7.836348056982147,0.004795415392049634,0.0014831678658291853,-0.00875880867899448
31.950000000002195,7.844768198939429,0.005003843033315532,0.00028494055165608005,-0.008589449847897399
31.960000000002196,7.853163978337745,0.005194268964718277,-0.0003244504990779811,-0.008426101100444368
31.970000000002198,7.861574314347494,0.005368354024324209,0.00033519576928885424,-0.008248118166734163
31.9800000000022,7.869991422000622,0.005512223984046505,-0.002902782468761145,-0.00811953001641216
31.9900000000022,7.878448640886369,0.005654558031413009,0.000252850715900382,-0.007898232143254936
32.0000000000022,7.8869450694671945,0.0057646887118466324,-0.00021802188502639415,-0.007724247527296573
32.0100000000022,7.895426973501518,0.005853466340041387,-0.0009589134101372361,-0.007554268275489645
32.0200000000022,7.903908115077164,0.0059195077673159955,-0.0013730647988526594,-0.007380282797831806
32.0300000000022,7.912411983490791,0.0059617394506979345,-0.0016058006103423078,-0.007201509781428112
32.040000000002195,7.920945099636153,0.005979693193482621,-0.0018078660346857994,-0.0070193500699864955
32.05000000000219,7.929506321699488,0.005973243021678777,-0.0019327217732151602,-0.006832273295525593
32.06000000000219,7.9380944326415275,0.005941909564897409,-0.0020830748309815478,-0.006643335701042473
32.07000000000219,7.94670893704552,0.005885722462860813,-0.0022399572697076775,-0.006452132809056848
32.08000000000219,7.955350063278033,0.005804830291662127,-0.002417910396698706,-0.006259172621708022
32.090000000002185,7.964018306136199,0.005699710451542146,-0.002605089737840588,-0.0060640650285150675
32.10000000000218,7.972714402776778,0.005571067546794386,-0.0027999232783378412,-0.005866725107069946
32.11000000000218,7.981439191794789,0.0054198676578526865,-0.002996622677797103,-0.005666900443092669
32.12000000000218,7.990193511938018,0.005247322185625529,-0.003190679722679384,-0.005464369095811107
32.13000000000218,7.998978067138481,0.005054880695317557,-0.003377641781539744,-0.005258907216291447
32.140000000002175,8.007793312389294,0.004844214422342231,-0.0035536782548609806,-0.005050322050506185
32.15000000000217,8.016639360618477,0.004617195751320233,-0.0037155988260067574,-0.004838463060010474
32.16000000000217,8.02551591214022,0.004375873219787904,-0.0038609039262431795,-0.004623230944933077
32.17000000000217,8.03442220510537,0.004122468909917858,-0.0039877686218285895,-0.004404191099502285
32.18000000000217,8.043356985679335,0.0038593435326717794,-0.004094994094155615,-0.0041805489094391655
32.190000000002165,8.052318495898023,0.003588864564745568,-0.004181925241060412,-0.003952533065796711
32.20000000000216,8.061304476601341,0.0033134352854170255,-0.0042483859184366205,-0.00372045111843309
32.21000000000216,8.07031218276088,0.0030354647529315243,-0.004294605272824226,-0.0034845704758194626
32.22000000000216,8.079338408675998,0.0027573235562357618,-0.004321147119055599,-0.0032451470996202355
32.23000000000216,8.088379520826388,0.002481299228212134,-0.004328844002204849,-0.0030024540146169447
32.240000000002155,8.097431496445008,0.0022095547204903903,-0.004318723659209527,-0.0027567889310908577
32.25000000000215,8.106489965988661,0.0019440912864712905,-0.004292400778154013,-0.0025084857444963534
32.26000000000215,8.11555026277949,0.0016867160403789714,-0.0042517733483893655,-0.002257896802773703
32.27000000000215,8.12460748034023,0.001439015832083444,-0.004198048687540049,-0.0020053450013227305
32.28000000000215,8.133656522316912,0.0012023386897330878,-0.004132523670128391,-0.0017511535766386202
32.290000000002145,8.142692142455036,0.0009777830859395893,-0.0040565250763722185,-0.001495640838878493
32.30000000000214,8.151708985098702,0.0007661950524690026,-0.0039713867505720086,-0.0012391173861535205
32.31000000000214,8.160701626387954,0.0005681729995130523,-0.0038784288159250976,-0.0009818841077087162
32.32000000000214,8.169664613608479,0.0003840794425245396,-0.003778939121252245,-0.0007242308934583045
32.33000000000214,8.17859250165967,0.00021405838470233148,-0.003674157138913599,-0.00046643598444355344
32.340000000002135,8.187479886545095,5.805689324178101e-05,-0.0035652603214523884,-0.00020876587396758618
32.35000000000213,8.196321435722847,-8.415059590876985e-05,-0.003453352882842385,4.852434789769577e-05
32.36000000000213,8.20511191504268,-0.0002129366670425696,-0.0033394569413864304,0.00030519032011511605
32.37000000000213,8.2138462121101,-0.0003287952408933892,-0.003224505941289698,0.0005609975170675968
32.38000000000213,8.22251935618011,-0.0004323168391964456,-0.003109340234542584,0.0008157202363247768
32.390000000002125,8.231126535328427,-0.000524165542960003,-0.002994704668649933,0.0010691405552442138
32.40000000000212,8.23966309163937,-0.0006050580111038172,-0.0028812489262655303,0.0013210472837944696
32.41000000000212,8.248124453421426,-0.0006757448469469231,-0.002769531279152187,0.0015712349207887282
32.42000000000212,8.256506346595067,-0.0007369967489668824,-0.0026600085757604317,0.001819503473940081
32.43000000000212,8.264804697065834,-0.000789588643080652,-0.0025530543880023975,0.002065657166424227
32.440000000002115,8.2730155821102,-0.0008342891612256666,-0.0024489610085262833,0.0023095040924981346
32.45000000000211,8.281135259981381,-0.0008718529813522322,-0.002347941938855587,0.002550856066184906
32.46000000000211,8.289160176328098,-0.0009030135754710745,-0.0022501393686736246,0.0027895284171712146
32.47000000000211,8.297086946891234,-0.0009284776721654984,-0.0021556317808229895,0.0030253399307832375
32.48000000000211,8.304912347331058,-0.000948921515378163,-0.0020644404936419644,0.003258112967624067
32.490000000002105,8.31263330758624,-0.0009649881920091012,-0.0019765364517689474,0.0034876736706456134
32.5000000000021,8.32024690160649,-0.0009772857510652831,-0.0018918472880822212,0.003713852226179796
32.5100000000021,8.327750335293588,-0.0009863860667067026,-0.0018102640421114383,0.003936483181788033
32.5200000000021,8.335140935716618,-0.0009928242798786684,-0.0017316474638454237,0.004155405799805818
32.5300000000021,8.34241614021906,-0.0009970986129120706,-0.0016558340064263325,0.004370464418241703
32.540000000002095,8.34957348498774,-0.0009996704749481579,-0.001582641406233452,0.004581508804973921
32.55000000000209,8.356610594112132,-0.0010009647685230278,-0.0015118737687577575,0.004788394494407424
32.56000000000209,8.363525169260527,-0.0010013703191640376,-0.0014433261780933374,0.004990983093666972
32.57000000000209,8.370314979712871,-0.001001240383407315,-0.0013767888379376742,0.005189142549202017
32.58000000000209,8.376977853050969,-0.0010008931896700898,-0.001312050728612109,0.005382747369423271
32.590000000002085,8.383511666671344,-0.0010006125033519707,-0.0012489028030389768,0.0055716787994803995
32.60000000000208,8.38991434002305,-0.001000648187586041,-0.0011871407484419906,0.005755824946532719
32.61000000000208,8.396183827638092,-0.0010012167576051037,-0.0011265673353972499,0.005935080856244453
32.62000000000208,8.402318113055662,-0.0010025019356944978,-0.0010669943833081141,0.0061093485425074015
32.63000000000208,8.408315203529837,-0.0010046551927130323,-0.0010082443794049007,0.006278536973210632
32.640000000002075,8.414173125557497,-0.0010077962869431986,-0.0009501517829468653,0.006442562016173859
32.65000000000207,8.419889921192652,-0.0010120138117286433,-0.0008925640529846171,0.006601346349585936
32.66000000000207,8.425463645114046,-0.001017365726261553,-0.0008353424415776938,0.006754819341413335
32.67000000000207,8.430892362341213,-0.0010238799276872915,-0.000778362604418102,0.006902916901372015
32.68000000000207,8.436174146637164,-0.0010315548017165155,-0.0007215150941520602,0.007045581307977013
32.690000000002065,8.441307079452224,-0.00104035985290418,-0.0006647058564459446,0.007182761007805912
32.70000000000206,8.446289249358285,-0.001050236415887791,-0.0006078569646785439,0.007314410373557596
32.71000000000206,8.451118752001484,-0.0010610986986779693,-0.0005509082285581256,0.007440489370966893
32.72000000000206,8.455793690309484,-0.0010728359995783234,-0.0004938219697487652,0.0075609629358927375
32.73000000000206,8.460312175157906,-0.0010857638057322828,-0.000436605656120622,0.007675798756940184
32.740000000002055,8.46467232861236,-0.0011023947235055032,-0.00039310565309647375,0.007783743307313479
32.75000000000205,8.46887231565963,-0.0011232418710183504,-0.0003746339149069997,0.007883720541012251
32.76000000000205,8.472910364516602,-0.001148397409497349,-0.00035043471543255895,0.007978436225841878
32.77000000000205,8.476784630042022,-0.001177895836202227,-0.00031985665639627553,0.008068003777680674
32.78000000000205,8.48049342581323,-0.0012117475995757968,-0.00028323902216270073,0.008152461109588298
32.790000000002046,8.484034741990444,-0.0012499219910746837,-0.00024096514200935406,0.008231801718516176
32.80000000000204,8.4874073783894,-0.0012923662877029232,-0.0001934403367526335,0.008306039709417599
32.81000000000204,8.490608112237016,-0.0013389633552438626,-0.00014111508243569307,0.008375205810826897
32.82000000000204,8.493640678209646,-0.0013895620180591436,-8.439145980501439e-05,0.008439300604491013
32.83000000000204,8.496477674061,-0.001444066146221476,-2.389566207500394e-05,0.00849833324602211
32.840000000002036,8.49927394912307,-0.001501356809166279,4.071721730510892e-05,0.008552417399515216
32.850000000002034,8.49693877618276,-0.0016201072315904683,9.260310840685364e-05,0.008599931984019324
32.86000000000203,8.503850401973898,-0.0017870038913051904,0.00019099503886008836,0.008647129222928943
32.87000000000203,8.500817952149305,-2.1320855424303796e-05,0.0002491083352902505,0.008685588034633946
32.88000000000203,8.495241388937036,-0.0031655089218093286,0.0003198297769794908,0.008705195641004141
32.890000000002026,8.506015249373208,-0.0030826509368135115,0.0004020464589759038,0.008764568388853814
32.900000000002024,8.514052610434964,0.00030996911019478434,0.0004779429610736573,0.008677682480529044
32.91000000000202,8.503657350204643,-0.004062898927399303,0.0005606947594487817,0.008779561809112463
32.92000000000202,8.512188171126063,-0.0033454414443768662,0.0006045918326804334,0.008879794591848884
32.93000000000202,8.521304806148617,5.761415885784765e-07,0.00067905800673992,0.008704886304552264
32.940000000002016,8.510585195662816,-0.003991379670541244,0.0008011650246936488,0.008837290641523091
32.950000000002014,8.51643723061692,-0.003897468309588197,0.0008129754204247594,0.008958572845248721
32.96000000000201,8.526011965291488,2.6728697481519324e-05,0.0008698682269834827,0.008760686427909663
32.97000000000201,8.515340280442521,-0.004065795627126148,0.001020094752134576,0.008827138282209716
32.98000000000201,8.509331686309945,-0.004359738235914861,0.0010625853300044073,0.008978380222545304
32.990000000002006,8.520968180169778,-8.946526091728884e-05,0.0010347505450454078,0.008776023632047459
33.000000000002004,8.525266063990838,-0.0009008062153017161,0.0011277811148117426,0.008648720791714205
33.010000000002,8.51472050508943,-0.005730160789632012,0.0012836188682152022,0.008847419780521388
33.020000000002,8.52253704551234,-0.0038775630137833387,0.0012181311467074974,0.008740542353519693
33.030000000002,8.529405515710263,-0.00043780592029678907,0.0012965066083273195,0.008591057979762468
33.040000000001996,8.518221027052409,-0.0013221877745845467,0.0015490500395107765,0.008785571840303152
33.050000000001994,8.510674168065941,-0.0065648597572429196,0.0016113473106559321,0.008669144025628125
33.06000000000199,8.521992171121298,-0.000887888683766544,0.001480931268713027,0.008507588453683972
33.07000000000199,8.51480964134279,-0.0016033858937584387,0.001814298712650547,0.008706181221617799
33.08000000000199,8.505894682803882,-0.00662692279734326,0.0019531877574365305,0.00856444626318288
33.090000000001986,8.516946263386966,-0.0011571785929257897,0.0017357641032430776,0.008394224417052277
33.100000000001984,8.510671705724123,-0.0014493881051836023,0.0021283339295996824,0.00859255399899234
33.11000000000198,8.501447461994022,-0.006939727000361124,0.0023008348428582835,0.00842943722423537
33.12000000000198,8.51221231624511,-0.001034761318620539,0.0019954665358440653,0.008242483437256911
33.13000000000198,8.505308190826582,-0.0015918126987059355,0.0024675464386553453,0.008436202543239273
33.140000000001976,8.496087294118576,-0.006610034581009408,0.0026313524381295214,0.008253529028359916
33.150000000001974,8.506692765270005,-0.001236146818663027,0.0022329415614601245,0.008045198641277751
33.16000000000197,8.498921067831857,-0.0015742281919549448,0.002788333492889328,0.008231047033860675
33.17000000000197,8.48958551336377,-0.003055620969108664,0.0029194284743079887,0.008030913146405796
33.18000000000197,8.499956889580341,-0.005204541738356538,0.0024348029620130155,0.007792322534101807
33.190000000001966,8.491427781170504,-0.0017586383645165778,0.003059428350215478,0.007973354925893085
33.200000000001964,8.481827376650545,-0.002211630885434331,0.003154877513808825,0.007764385772638218
33.21000000000196,8.491855174180376,-0.002419430986958098,0.002588293477140647,0.007507106259680945
33.22000000000196,8.482699344841617,-0.002567250349080014,0.0033820031341090314,0.007642664566943086
33.23000000000196,8.472720648415331,-0.003341522817276652,0.0035611652337892577,0.007449427021217821
33.240000000001956,8.482235787316707,-0.0029268806719445683,0.00299274969032586,0.007198680268795978
33.250000000001954,8.472592733843312,-0.002389143291044982,0.0038871721136134224,0.007139634803130563
33.26000000000195,8.462246030629263,-0.0035839671072152596,0.004066248093816386,0.007020037829817458
33.27000000000195,8.471056763498602,-0.002300360047302532,0.0034264908970399683,0.006819307355587897
33.28000000000195,8.46107213668191,-0.002716021057013131,0.004391975443080717,0.006748874271033498
33.290000000001946,8.450404548523633,-0.0030156437505871243,0.004565339633455779,0.006627837950949343
33.300000000001944,8.458167627289686,-0.0025739224959888014,0.003879195947669602,0.006440276860175477
33.31000000000194,8.448049484293387,-0.002528485433967999,0.004871793515040057,0.00636532576097171
33.32000000000194,8.437181449308138,-0.0028794513995568424,0.0050401726539278414,0.006235733297831232
33.33000000000194,8.442931504709152,-0.002730830509023888,0.004363221692256614,0.00605015827499546
33.340000000001936,8.433121687482798,-0.00295215446908775,0.005296105779357414,0.005961432509500826
33.350000000001934,8.422382702578442,-0.0033140150861402148,0.00545890978458269,0.00582325959760282
33.36000000000193,8.41711216259584,-0.0034222288577316416,0.005300985740917822,0.005663367087559962
33.37000000000193,8.410390287624095,-0.0033909827954180776,0.005504150268034287,0.005523330571671539
33.38000000000193,8.402483086974684,-0.0035986052977549448,0.005669758321136556,0.00537765617032764
33.390000000001926,8.396801365649246,-0.003652818113535649,0.0056315838729075265,0.005218448219284166
33.400000000001924,8.39022526429396,-0.003764871357409227,0.005762709534913801,0.005065994546723479
33.41000000000192,8.38332788185331,-0.003853275415887883,0.005843299281104281,0.004908939431252025
33.42000000000192,8.377545559263606,-0.003913316753539958,0.005827338947740385,0.004745228790292486
33.43000000000192,8.371032139304454,-0.0039911635385019946,0.005911294425241077,0.004584096414608417
33.440000000001916,8.364505739721595,-0.004043313304268748,0.005933382369790693,0.004418759129676113
33.450000000001914,8.358502609469204,-0.004074580188887996,0.005908744269216712,0.004250061344146625
33.46000000000191,8.3520388399167,-0.004111099634923881,0.005931110258705199,0.004081841192419989
33.47000000000191,8.345595794845194,-0.004123500761141231,0.0059035220718192455,0.003910698395482316
33.48000000000191,8.339354298112946,-0.004119229858530034,0.005849340404431862,0.003737710374964342
33.490000000001906,8.332882149585716,-0.004108958054117695,0.005806235787641238,0.0035643054437599127
33.500000000001904,8.326388950458572,-0.004079241774834744,0.005730307118650528,0.0033892435882775756
33.5100000000019,8.319944765091309,-0.00403360629251355,0.005634081056889281,0.0032130925945600157
33.5200000000019,8.313392251361092,-0.0039762660599681615,0.005531244284919057,0.003036383745653267
33.5300000000019,8.306790526278842,-0.0039027155774653695,0.00540713185822625,0.0028588376991519828
33.540000000001896,8.300170751592404,-0.003814032410808183,0.005266072681391409,0.0026806868724175074
33.550000000001894,8.29348547675958,-0.003712131997286132,0.0051129439770146055,0.0025021477498884245
33.56000000000189,8.286741657121047,-0.0035963164977871973,0.004944868422181589,0.0023232368734289466
33.57000000000189,8.279949969909266,-0.003467211423694031,0.004763549684150571,0.0021440681139015946
33.58000000000189,8.273098089906018,-0.0033260646339479606,0.0045709618993954836,0.001964749687217571
33.590000000001886,8.266182219153812,-0.003173570311785502,0.004367798350372143,0.0017853577017888445
33.600000000001884,8.259202825855732,-0.003010654479389644,0.004155515860523138,0.0016059586170682153
33.61000000000188,8.25215541555089,-0.0028385091040869386,0.003935392970196882,0.0014263220373376098
33.62000000000188,8.245035485234892,-0.0026583200080354395,0.003708877716687868,0.0012465038340505488
33.63000000000188,8.237839759702526,-0.0024713307660209722,0.003477474361387848,0.0010667057896700887
33.640000000001876,8.23056426973432,-0.0022788687724163894,0.0032424140875997633,0.0008870698356277792
33.650000000001874,8.223204604318706,-0.0020822787592571957,0.0030051725174447966,0.000707718993649757
33.66000000000187,8.21575645210342,-0.0018829012902849772,0.0027671030223551584,0.0005287946324942389
33.67000000000187,8.208215450218324,-0.0016820665812977231,0.0025294489423517367,0.0003504568022968081
33.68000000000187,8.200577133868977,-0.001481071091810202,0.002293449495483522,0.00017287629656813287
33.69000000000187,8.192837054607066,-0.0012811553655397512,0.0020602587914135165,-3.7673692747700434e-06
33.700000000001864,8.184990840087979,-0.0010834883809119884,0.0018309063285362197,-0.00017928720102443593
33.71000000000186,8.177034221002554,-0.0008891534950277465,0.0016064136929134717,-0.0003534887022852304
33.72000000000186,8.168963068782817,-0.0006991362590297682,0.00138741830111485,-0.0005261752922309274
33.73000000000186,8.16076750929655,-0.0005144226752613344,0.0011765353807380895,-0.0006971321782191259
33.74000000000186,8.152437847758783,-0.0003357604578940148,0.0009710958761128175,-0.0008661853640462922
33.750000000001855,8.143972151871434,-0.0001636345184835247,0.0008093778791702907,-0.0010329147364915873
33.76000000000185,8.135368433133422,8.797120330332246e-07,-0.00035558872459167426,-0.0012024179740733527
33.77000000000185,8.126607878276216,0.00015917094347899167,0.0015941814178380245,-0.0013540489181992333
33.78000000000185,8.11770481710862,0.00030912472754316035,0.0017212082317122925,-0.0015148043863200354
33.79000000000185,8.10870142641201,0.0004495857146806577,-0.0015078162228703198,-0.0016819375410907884
33.800000000001845,8.099550540786218,0.0005831171339230409,-0.0012499540291727761,-0.0018313267746328282
33.81000000000184,8.090195398650607,0.0007105987324067418,0.0033564354460640282,-0.001976800787484156
33.82000000000184,8.080726683490342,0.0008251815360117787,-0.0015215677247689804,-0.0021297913688557665
33.83000000000184,8.071162107327542,0.0009379828347187727,0.0025041754352052217,-0.002279404548192312
33.84000000000184,8.061474616744166,0.0010362639943674009,-0.0017465320002145325,-0.0024131324373488933
33.850000000001835,8.051661893046884,0.0011308516285041756,-0.000984508799265029,-0.0025515570705804285
33.86000000000183,8.041677204045934,0.0012188410519687577,0.0018057944358613345,-0.00269839558902435
33.87000000000183,8.031583232710208,0.0012960281176604155,-0.0012989969240994627,-0.0028163578961180116
33.88000000000183,8.021394107541877,0.0013686774221080384,-0.0014139300073102094,-0.002941777145518058
33.89000000000183,8.01105128478586,0.0014369416959106607,0.0020575880624197325,-0.003093606914209613
33.900000000001825,8.00061122228515,0.001494122436876831,-0.0015539004565016626,-0.003184650619164367
33.91000000000182,7.990093679911972,0.001548445206660852,-0.0015168459259942769,-0.003300844534844379
33.92000000000182,7.979436976119344,0.0015966508779819435,-0.0010901255781647643,-0.003413135569045933
33.93000000000182,7.968648844835083,0.0016400549908368576,-0.0008549716318568117,-0.0035274647144585003
33.94000000000182,7.957760123774846,0.0016783414840589623,-0.0009602658011254162,-0.003633170950868102
33.950000000001815,7.946781585252622,0.0017119402783354757,-0.0007751407215535988,-0.0037366992602113147
33.96000000000181,7.935717274443888,0.0017409506679386536,-0.0009634133112532666,-0.0038318200182448072
33.97000000000181,7.924573523640952,0.0017661478896971988,-0.0008716006870813564,-0.0039294413273942026
33.98000000000181,7.913356885321012,0.0017872561167205261,-0.0009721370081124916,-0.004017231522538725
33.99000000000181,7.902075090999811,0.0018089922338955366,-0.0009726913273264034,-0.0041051953358265305
34.000000000001805,7.890734408939313,0.001832665438989909,-0.0010213103356201073,-0.004188008276396384
34.0100000000018,7.8793417401001955,0.0018581926574716562,-0.00105403322292217,-0.004266572667373415
34.0200000000018,7.867903820083678,0.0018856119068069565,-0.0010932179945335352,-0.004342609969593138
34.0300000000018,7.8564274680586035,0.0019145665260729588,-0.0011319696064203935,-0.004414082502179992
34.0400000000018,7.844919462379199,0.0019449065944146565,-0.0011718061264291038,-0.004481379766022036
34.050000000001795,7.833386569888653,0.001976654065256436,-0.0012122530876630616,-0.0045469915239537
34.06000000000179,7.821835538921371,0.00200911457171136,-0.0012531428200890503,-0.0046052249708348585
34.07000000000179,7.810273091681223,0.002042768156778513,-0.001294329744229529,-0.0046640998149753195
34.08000000000179,7.798705917991439,0.0020767962019702956,-0.0013354893596110055,-0.004716524708121549
34.09000000000179,7.787140672312681,0.0021107498855428572,-0.0013762876738386688,-0.004759748376633315
34.100000000001785,7.775583971895079,0.002146863862014989,-0.0014167295919883624,-0.004822684395555557
34.11000000000178,7.764042395863218,0.002169673190716662,-0.0014569968764979284,-0.004722756912713475
34.12000000000178,7.752522442161553,0.0022123771664366403,-0.0015073978224743494,-0.004856013769174917
34.13000000000178,7.741030397716552,0.0022534813462168042,-0.0015653420727215453,-0.004969208149214651
34.14000000000178,7.72957224764913,0.0022696504029857227,-0.0016271174124319787,-0.004788292136826737
34.150000000001775,7.718153681367953,0.002312805066411743,-0.0017014602038918935,-0.004939878652644773
34.16000000000177,7.706780106871895,0.002354372339290651,-0.00178364339452381,-0.005076373532771019
34.17000000000177,7.6954566530455235,0.0023677164867541107,-0.0018684411561633275,-0.004880878321780083
34.18000000000177,7.684188167003551,0.002406551656609768,-0.001965586181835521,-0.005014089260668605
34.19000000000177,7.672979223456597,0.0024446398898054834,-0.0020697006416346047,-0.0051472366655657825
34.200000000001765,7.661834146562688,0.0024543644148927466,-0.0021742891405254114,-0.004943923297644061
34.21000000000176,7.6507570265817755,0.0024875322655529214,-0.0022894339247621,-0.005055731271500196
34.22000000000176,7.639751740361727,0.0025208289976980987,-0.0024093308799929447,-0.005181206311757328
34.23000000000176,7.628821983297857,0.0025261889275955732,-0.002526341908348554,-0.004968726276581604
34.24000000000176,7.617971296900162,0.00255166687484626,-0.0026505688481152515,-0.0050371387572886684
34.250000000001755,7.607203096002676,0.0025809221029888716,-0.0027771039477537843,-0.0051668665569553265
34.26000000000175,7.596520704311912,0.002582295241272375,-0.0028966511789162517,-0.004951560636368306
34.27000000000175,7.585927383868264,0.00258916033807433,-0.0030165104238099004,-0.004830346292310329
34.28000000000175,7.575426358746842,0.00261780588006538,-0.00314012202655788,-0.00501022235059857
34.29000000000175,7.565020846493713,0.002623212371401804,-0.003254067128637193,-0.004894247522474213
34.300000000001745,7.554714086479596,0.002622696379867002,-0.0033623148034039193,-0.004729566736582027
34.31000000000174,7.544509340396424,0.002645473986402994,-0.0034729732265085,-0.00490588181573176
34.32000000000174,7.534409835316198,0.002658367221212511,-0.003575304905588626,-0.00496681031268123
34.33000000000174,7.5244189508851855,0.0026481698584481586,-0.0036643778695784448,-0.004743462455674486
34.34000000000174,7.514540149134446,0.0026443708904714132,-0.0037486273273916767,-0.00463325831812313
34.350000000001735,7.504776922656345,0.0026590713399922304,-0.0038315860463588357,-0.004798918544574347
34.36000000000173,7.4951328584130685,0.0026485803293426974,-0.0038982210440183063,-0.004624124873755411
34.37000000000173,7.4856116446968874,0.002636522382523914,-0.0039562611347070155,-0.004465150538787256
34.38000000000173,7.476217033180261,0.00264576955311863,-0.004013353205245846,-0.004636354688609787
34.39000000000173,7.466952850289848,0.0026315148225840913,-0.004053044170029731,-0.004477097426119219
34.400000000001725,7.457823007983306,0.0026134691476594443,-0.004082703133288277,-0.004308765008250275
34.41000000000172,7.448831469443593,0.002616947158694407,-0.004111151854571533,-0.004473986393481692
34.42000000000172,7.439982247174853,0.002596428213865518,-0.004121354756539417,-0.004306466089312437
34.43000000000172,7.431279409002231,0.0025737489352536864,-0.004121310043335068,-0.004136021976289379
34.44000000000172,7.422727037825617,0.002570887600783802,-0.004120018599359517,-0.004296292962163156
34.450000000001715,7.414329231810263,0.002544897530562267,-0.004099910020452545,-0.00411906798172474
34.46000000000171,7.406090106374815,0.0025162636007224227,-0.004069609757393295,-0.003944768267109488
34.47000000000171,7.39801373819463,0.0025104422491846164,-0.004038142376868631,-0.004097897044784608
34.48000000000171,7.390104196687723,0.002469544403078356,-0.003987686302919683,-0.003914088906525365
34.49000000000171,7.382365492318294,0.0024640000382507325,-0.003926940380180067,-0.003735621437798484
34.500000000001705,7.374801630826305,0.002353889306549233,-0.0038656488485045108,-0.0038764491650676992
34.5100000000017,7.367416239773075,0.0026238813635353526,-0.0037836818362984226,-0.0036908332324354517
34.5200000000017,7.3602139672924904,3.395597689442727e-05,-0.0037059278414258365,-0.0035072510382572037
34.5300000000017,7.353187960847259,0.003960359390591909,-0.0035958858246298723,-0.0036364258055829957
34.5400000000017,7.346343744071719,0.003991543798739825,-0.00363609061213444,-0.003433324792430341
34.550000000001695,7.339728190756574,-0.0005820875468477083,-0.004125223823660045,-0.003180615681568659
34.56000000000169,7.333269374149022,0.004655769362705123,-0.004595676366801307,-0.0030606887215825565
34.57000000000169,7.326982850035035,0.0036320687760560935,-0.005086176789261583,-0.0028823246115379808
34.58000000000169,7.320989625575331,-0.0006131407957218136,-0.00558212965187769,-0.0026804940460765725
34.59000000000169,7.314953952028629,0.004674103214286148,-0.0060178796657044,-0.002556118128017618
34.600000000001685,7.309416019553237,-9.475874265316175e-05,-0.006489588910486391,-0.002386111561967198
34.61000000000168,7.303696302402109,0.004858075964486996,-0.0068911203261486755,-0.0022289921549112452
34.62000000000168,7.298218826375073,0.00028653149640792163,-0.007314134602907844,-0.0020850091412611006
34.63000000000168,7.2990750136334,0.004775856072749983,-0.007814839089641017,-0.0019232018692277426
34.64000000000168,7.2900552590550545,0.0004392423107926699,-0.007970532709424468,-0.0017882740882284916
34.650000000001675,7.282230630399168,0.005692349915862706,-0.008328924324882683,-0.0016525331568947878
34.66000000000167,7.2899089655250915,0.00032421935999576073,-0.008862764663532068,-0.0014750286707941663
34.67000000000167,7.278919334401545,0.0010849518149476927,-0.008849135757131574,-0.0013695374142594636
34.68000000000167,7.26818611774938,0.007555301135741409,-0.009108117176423987,-0.001254566977565228
34.69000000000167,7.277100809453581,0.001119664093904884,-0.009459719580160193,-0.0010636203948916046
34.700000000001666,7.266831259197885,0.0009776802598444136,-0.009461239476283002,-0.000951417631955805
34.71000000000166,7.255902735286373,0.00816130875692615,-0.009597048428469741,-0.0008649254269740465
34.72000000000166,7.264937627808462,0.0007565144117960425,-0.00966620668781224,-0.0006806995357516312
34.73000000000166,7.255228880620384,0.0015677902424167372,-0.009683760481582978,-0.0005594558104019347
34.74000000000166,7.244657930007258,0.008218404415481911,-0.009691772742218262,-0.0004947697816239512
34.750000000001656,7.254081623781563,0.0008380272937610262,-0.009451457678833826,-0.00032421528941014633
34.760000000001654,7.245186291062347,0.001684525819977255,-0.009477422418174853,-0.00019211449930508768
34.77000000000165,7.235090648083117,0.007878435920603954,-0.009358170647354563,-0.00013901346849638893
34.78000000000165,7.245029562484132,0.0011312672576470261,-0.008803820804684564,7.636795820097205e-06
34.79000000000165,7.237460787778017,0.001676305539913038,-0.008835541714959913,0.00014802235975551123
34.800000000001646,7.227810784878717,0.0033297860274012045,-0.008603799527063688,0.00020340225696731254
34.810000000001644,7.238288191306032,0.007353420740911543,-0.0077824172646822915,0.00028264146834041764
34.82000000000164,7.233502803961545,0.0013976419497893384,-0.007770175727507893,0.0004768071131490073
34.83000000000164,7.223849503703051,0.001948739216217457,-0.00752725299777842,0.000566453102121592
34.84000000000164,7.234620831592433,0.002549994167794851,-0.006420078190317345,0.0005694094109584595
34.850000000001636,7.2409501109863905,0.0019490281062780218,-0.006081809937752375,0.0006883543720637969
34.860000000001634,7.230076038566774,0.0035038307932188325,-0.006277382406443902,0.0008413542298523482
34.87000000000163,7.22628521027095,0.004332565129834242,-0.005526182578752771,0.000907564552617093
34.88000000000163,7.2378839134554225,0.0018135996368027728,-0.004322652671345317,0.0009533538026456293
34.89000000000163,7.231332814785892,0.002815304503216512,-0.004672302757163496,0.0011130561927571666
34.900000000001626,7.225555847820429,0.0033007043574342183,-0.0041565268972117144,0.0011952033079803785
34.910000000001624,7.238367963713563,0.002274825279332468,-0.002679517577589013,0.0012092328809946394
34.92000000000162,7.247550480431456,0.001777817017402165,-0.002368100259116916,0.0013136805516194624
34.93000000000162,7.238133707774465,0.0028062465532759425,-0.0029653157464745094,0.0014888143118484054
34.94000000000162,7.2469283625038425,0.00234075669174817,-0.001443343728338367,0.0014902182539114136
34.950000000001616,7.258141856648378,0.0016431906648386315,-0.0008597800634432127,0.001572732616053649
34.960000000001614,7.249487851211683,0.0022185354600426934,-0.0017038976902057324,0.0017676468793277921
34.97000000000161,7.25711827650372,0.0019069260134480252,-0.00029343501704077925,0.0017695531412451945
34.98000000000161,7.269316442519348,0.0012913980500546941,0.0003410600011578966,0.0018416255839322079
34.99000000000161,7.261509347975903,0.0017731397910199446,-0.0006583664831705478,0.0020457135190606723
35.000000000001606,7.270451416752138,0.0012790427339528653,0.0007341962240684949,0.002042528191437196
35.010000000001604,7.282803815222104,0.0009315284348158758,0.0011955855736560238,0.0021211928837282126
35.0200000000016,7.275318104415357,0.0013230086463150597,0.00010757991145530004,0.0023259341157711843
35.0300000000016,7.285693534522656,0.0007475463968271882,0.0014825658691101705,0.0023190280637480584
35.0400000000016,7.298212055463724,0.0005095011108756177,0.001767299107250057,0.0024044300852235677
35.050000000001596,7.290979680921186,0.0008881723121354366,0.0006338797074411096,0.002603961826624803
35.060000000001594,7.302376496089857,0.00027128243821549397,0.0019471291315197234,0.00259756279503957
35.07000000000159,7.315186340064914,0.0001044721969301365,0.0021089249527526015,0.0026849419599959726
35.08000000000159,7.308262242201514,0.0004681352627006612,0.000965902795160381,0.002874947048386274
35.09000000000159,7.320399109911094,-0.00014466183113979737,0.002192941820013223,0.0028716774036877655
35.100000000001586,7.333532582321594,-0.0002613664440036509,0.0022737988691612487,0.002956478081419887
35.110000000001584,7.326969148227267,8.042928090849376e-05,0.0011495016732658771,0.003133878712517879
35.12000000000158,7.3396420558138225,-0.0004932711366432615,0.002284690840632375,0.0031352427978273783
35.13000000000158,7.353081868955687,-0.0005748255831596916,0.002314805469361597,0.003211613302109817
35.14000000000158,7.3469665926956615,-0.0002637610086587948,0.0012309844483973538,0.0033771258732209117
35.150000000001576,7.359999356562691,-0.0007722037076484087,0.002275002448747915,0.0033827686153356574
35.160000000001574,7.373696127929655,-0.0008298320324221015,0.0022755045141899357,0.0034325156666349115
35.17000000000157,7.368193933541288,-0.0005576150500077664,0.001252854878707104,0.0036075989102005
35.18000000000157,7.381412492808835,-0.000983359543538276,0.0022008630587375144,0.0036050602627584255
35.19000000000157,7.39528763652341,-0.001032771993806746,0.0021830391285692866,0.0035028421381721082
35.200000000001566,7.390728165244459,-0.0008042130464022834,0.0012414715966175772,0.003740159727620022
35.210000000001564,7.40391946344311,-0.0011281938988905893,0.0020941342635706255,0.003821153739229483
35.22000000000156,7.417846589713844,-0.0011676684974116468,0.0020836659033493885,0.0036570401165245884
35.23000000000156,7.415207090618738,-0.0009991576486200117,0.0012688455581907152,0.0038900703136016276
35.24000000000156,7.4279460097549,-0.001222880430996199,0.001978955383359635,0.004003117620178328
35.250000000001556,7.441605509257768,-0.0012706372213320163,0.001984639412300863,0.003833931896038723
35.260000000001554,7.449623139711649,-0.001259079406985574,0.0016991346836540046,0.004019118862531827
35.27000000000155,7.4593282411240835,-0.00131650100292508,0.0017664517567264689,0.00417251026219889
35.28000000000155,7.470086037773261,-0.0013898555727683108,0.0017925681942180507,0.003994426755288341
35.29000000000155,7.478330224747649,-0.0014035525460796125,0.0016460471884625792,0.004157336149032678
35.300000000001546,7.487887866372359,-0.0014756851767199766,0.0016979984929529196,0.004302057653193206
35.310000000001544,7.497568134547363,-0.0015565114778825142,0.0016843817240070787,0.004115423500033026
35.32000000000154,7.505823278962855,-0.001596397877418659,0.0016001977959066963,0.00425516145147745
35.33000000000154,7.515312587024415,-0.0016740742040789658,0.0016647196275243969,0.004389115834247615
35.34000000000154,7.524576084116449,-0.0017578489962697974,0.0016480106515914226,0.004192099334803826
35.350000000001536,7.533069937966546,-0.0018123201072868323,0.001613717260482262,0.00429424931039761
35.360000000001534,7.542462259796993,-0.001883016574936972,0.0016805236730575526,0.00442642616504752
35.37000000000153,7.551621707315077,-0.0019657405283000848,0.001681287154311497,0.004222227269025192
35.38000000000153,7.560433574049521,-0.002038476226626479,0.0016860726595967661,0.004118527519241083
35.39000000000153,7.56975951768811,-0.0020897858760604926,0.001751470877694841,0.004307453005469988
35.400000000001526,7.578974254732226,-0.002156605042949328,0.0017793247900216313,0.004195388195688487
35.410000000001524,7.5880657232218995,-0.002224461931683968,0.0018150444794257422,0.0040479262209188625
35.42000000000152,7.597406910672313,-0.0022598022984230723,0.0018823032225622355,0.004235279748168971
35.43000000000152,7.606739359504243,-0.0023000061119086463,0.0019358400195638498,0.0042892817871455985
35.44000000000152,7.616049101707351,-0.002360990418742501,0.00199338459331675,0.00408402949362722
35.450000000001516,7.62547498788707,-0.0024057132536344475,0.002064912656788149,0.004012013986716967
35.460000000001514,7.634936494688992,-0.0024227302010487186,0.0021368014942311398,0.004172314873107288
35.47000000000151,7.644415979746945,-0.002467598402171253,0.0022100575027281344,0.003991731479486378
35.48000000000151,7.653956230278949,-0.0025057617294092734,0.0022889011886841437,0.0038427457965809126
35.49000000000151,7.6635386550434,-0.0025078899382975288,0.0023711466431491626,0.0040187997788425555
35.500000000001506,7.673151211156174,-0.0025380524767965227,0.002453411800887017,0.00385724994651975
35.510000000001504,7.682802544521532,-0.002565100249850107,0.0025373756596405303,0.0036937577409224
35.5200000000015,7.69248856546037,-0.0025561470033725587,0.002623785194729072,0.0038584592589642167
35.5300000000015,7.702202709994943,-0.00257592254702797,0.002709284748200237,0.003687916111283691
35.5400000000015,7.711943704583433,-0.0025928392204390585,0.002794427743138909,0.0035183262598735662
35.550000000001496,7.721708765296038,-0.002574568466802302,0.0028799340296817113,0.0036714696151638974
35.560000000001494,7.73149365169147,-0.0025858618148727527,0.0029633581683435016,0.003490371710137814
35.57000000000149,7.741298790385545,-0.0025945979435887203,0.0030452106711206526,0.003312805027452289
35.58000000000149,7.751126779719076,-0.0025693798523197726,0.0031262265582112513,0.0034481880591133917
35.59000000000149,7.760972540272173,-0.0025733827565701506,0.003204583601671315,0.0032607236869716667
35.60000000000149,7.770831757605835,-0.002575377331958265,0.0032789818038657594,0.00307602400374337
35.610000000001484,7.780702037875036,-0.002546760911676385,0.003350193357623816,0.003173474175565865
35.62000000000148,7.790580148729372,-0.002543684518057322,0.003418632223956128,0.0029908287602384838
35.63000000000148,7.800462391406638,-0.00253941785201571,0.003478777455081102,0.002805478389222666
35.64000000000148,7.810345412219233,-0.002524218442231925,0.0035654082206608624,0.0027058223272849497
35.65000000000148,7.82022542567898,-0.0025072481055515446,0.0034116731510434955,0.0025967316009380707
35.660000000001475,7.830102255618037,-0.0024923363836608357,0.005505367915576245,0.002491122830647371
35.67000000000147,7.839939245565265,-0.00247084375068043,0.002081231239490937,0.0023323682892957757
35.68000000000147,7.849755370320282,-0.0024488104926447185,0.0020044311614847684,0.0022181008172703874
35.69000000000147,7.859624184688004,-0.0024279891499420564,0.006315060481150806,0.0021739414014176777
35.70000000000147,7.869464072255811,-0.0024008849488102897,0.0016714945331541106,0.001972417247217262
35.710000000001465,7.879254815728485,-0.002376214788496379,0.004479228467188925,0.0019204068572223386
35.72000000000146,7.88905134881832,-0.0023498463449476616,0.005547189663418025,0.0018238967532356086
35.73000000000146,7.898784141449637,-0.002319190559795169,0.0001837385844669223,0.001567694741790612
35.74000000000146,7.908510102112173,-0.002291087386477708,0.005160063985170833,0.0015778622334238113
35.75000000000146,7.9182577101348635,-0.0022591265026598753,0.0038749672276549027,0.0014122926163707
35.760000000001455,7.92794073724232,-0.0022305780494255613,0.0005449396628138362,0.0011824014539569174
35.77000000000145,7.9376307731977995,-0.0023716618777568036,0.004940878761828046,0.0011894701349659306
35.78000000000145,7.947332745262366,-0.002591337172484392,0.0042058286274765724,0.0010311912962986582
35.79000000000145,7.956956879082445,-0.0028008372009213026,0.002703964747900507,0.0008460505674259324
35.80000000000145,7.966537490092917,-0.002997064635779846,0.00367051975812297,0.0007396406737711653
35.810000000001445,7.9761061645769695,-0.003177942011158102,0.002948027673722035,0.0005669842926915125
35.82000000000144,7.985647070245525,-0.003345327045179098,0.002499809241813619,0.0004050547783938409
35.83000000000144,7.995172050714551,-0.003500271118432047,0.0035568505229511636,0.0003034445669232269
35.84000000000144,8.00467336527132,-0.003643377362517965,-0.0002979763449367015,-2.0975997351050886e-05
35.85000000000144,8.014195774073318,-0.0037738232565053603,0.0038997168348315716,1.8536294436082625e-05
35.860000000001435,8.023736624531212,-0.0038923969060955855,0.0039467431984970035,-0.00012819381664149062
35.87000000000143,8.033205295519014,-0.00400117818882869,0.0038842886650042,-0.0002778541488555644
35.88000000000143,8.042595733189412,-0.004098906682777419,0.0037244828133258137,-0.0004377881260770299
35.89000000000143,8.051930797680816,-0.004183938035435062,0.0039585672408277515,-0.0005785391459277921
35.90000000000143,8.061206348626078,-0.004255640831831634,0.004063293854034713,-0.0007248383557437448
35.910000000001425,8.070407396046702,-0.004314307089331213,0.004315521166150043,-0.0008624257523884376
35.92000000000142,8.079525345180725,-0.004359730623185327,0.004508088878528519,-0.001002927925242128
35.93000000000142,8.08855227849564,-0.004391380750304096,0.0047340979788714314,-0.001140545094073891
35.94000000000142,8.097478945893066,-0.0044089312066759425,0.004940359336922209,-0.0012781408857678437
35.95000000000142,8.106295891323754,-0.004412216755049221,0.0051430432304392145,-0.0014146626404036807
35.960000000001415,8.114994490305131,-0.004401057547522593,0.005332339668036624,-0.0015506339406838867
35.97000000000141,8.123566600648182,-0.004375387761230832,0.0055087891282911685,-0.0016859244355646277
35.98000000000141,8.132004507920955,-0.00433523947959813,0.005669963362290623,-0.0018206384023861826
35.99000000000141,8.140301111424606,-0.004280782799785007,0.0058145220184824455,-0.001954849112243613
36.00000000000141,8.148450021663697,-0.004212270732116794,0.005940969488436897,-0.0020886720572187234
36.010000000001405,8.156445585406333,-0.004130099772572571,0.006047955752585892,-0.002222244636726889
36.0200000000014,8.164282932464301,-0.004034756391732131,0.006134203685020448,-0.0023557330816688427
36.0300000000014,8.171958028629538,-0.003926870741666059,0.006198544538822533,-0.002489328570232952
36.0400000000014,8.179467709870728,-0.0038071396589358934,0.006239938839028014,-0.002623242633956447
36.0500000000014,8.186809703559693,-0.003676417452730622,0.006257501088615475,-0.002757701913329558
36.060000000001395,8.19398264175516,-0.0035355641977908507,0.0062505252515932174,-0.002892941598698875
36.07000000000139,8.200986062769939,-0.0033856649014921488,0.006218505555020797,-0.003029198644946718
36.08000000000139,8.20782039947481,-0.0032276112087514237,0.006161158619463823,-0.003166703051975129
36.09000000000139,8.214486954381618,-0.003062881014902012,0.006078432915798438,-0.0033056712438073906
36.10000000000139,8.220987863409887,-0.002891815138262612,0.0059705314646363375,-0.003446294233342637
36.110000000001385,8.22732604430138,-0.002717690571156376,0.00583788940657456,-0.003588737749701039
36.12000000000138,8.233505141296156,-0.0025357946034600867,0.0056812496103884795,-0.0037331125535514545
36.13000000000138,8.239529434719262,-0.0023660223336037013,0.005501442112782874,-0.003879531517072923
36.14000000000138,8.245403823992676,-0.0021414144543463196,0.005300103010221084,-0.004027891961109898
36.15000000000138,8.251133481615865,-0.0021226282266988386,0.005077028868812456,-0.004178652570771978
36.160000000001375,8.256724776910962,0.00018164434870758476,0.0048498504208961,-0.004328715453492115
36.17000000000137,8.262172373855984,-0.0029956634704366553,0.004570663266469119,-0.004498261087754522
36.18000000000137,8.267487442178943,-0.0029966645537498407,0.004297186799596548,-0.004646152649749286
36.19000000000137,8.272703761717393,0.0012936370849183122,0.004037172515900563,-0.004784649264205111
36.20000000000137,8.27780129058598,-0.003202141653745485,0.0037138971883531385,-0.004967972266712625
36.210000000001365,8.282775672465103,-0.0024788139249839933,0.003413295388513689,-0.005115847215207419
36.22000000000136,8.287679797126575,0.0016796674778109225,0.003126844828712539,-0.005246359392846452
36.23000000000136,8.292486361379973,-0.0029985693302012886,0.0027897696231413186,-0.005436548521781846
36.24000000000136,8.29718046888082,0.001389379007417458,0.0024974255575718803,-0.005579517682665972
36.25000000000136,8.30180771700462,-0.0027908459296308477,0.002167606023013696,-0.005724194690811758
36.260000000001355,8.306356967989652,0.0014103472978814703,0.001880258891728711,-0.005881271747397759
36.27000000000135,8.310821199158509,-0.002447195528386532,0.0015661032230837573,-0.006038696375803037
36.28000000000135,8.315224972837452,0.0015549053660688654,0.001291695372622756,-0.00616929886851747
36.29000000000135,8.319558907545215,-0.002168735912554062,0.001000650012213441,-0.006319159305091225
36.30000000000135,8.323820971873968,0.0016859713619325548,0.0007477061654160305,-0.006455906424935411
36.310000000001345,8.328027322473854,-0.0018482979075230476,0.0004815023523721203,-0.0064542697270379215
36.32000000000134,8.332165010465664,0.0017556892007494396,0.00025759280021217746,-0.006644369642901726
36.33000000000134,8.336236992987649,-0.0012875036194112423,3.34498399095701e-05,-0.006843367963693902
36.34000000000134,8.340251743104206,0.0016919890273497545,-0.0001713446655174092,-0.00673627008533126
36.35000000000134,8.344189813834129,0.001224545356979135,-0.0003551593200203018,-0.006968485555056099
36.360000000001335,8.348052093726375,-0.0015944803876404958,-0.0005234977374264592,-0.007186951326151084
36.37000000000133,8.351850611420042,0.001602953624050027,-0.0006806298025150659,-0.007055053324177663
36.38000000000133,8.355599900545037,0.0015306071944682386,-0.0008147887457002927,-0.0072741240230195185
36.39000000000133,8.359224973583094,-0.0020973142801674243,-0.0009367294892328246,-0.007485063876931806
36.40000000000133,8.362819854247647,0.0018843797726920812,-0.0010523386620002791,-0.007334283458740251
36.410000000001325,8.366369651460891,0.0015496126762503206,-0.0011432515150438108,-0.007537169391739477
36.42000000000132,8.36967401219326,-0.0014925621772850387,-0.0012204378620472016,-0.007730770777161765
36.43000000000132,8.373205414239253,0.0018100087621771197,-0.0012973798895580156,-0.0075615341521700725
36.44000000000132,8.376235574752366,0.0016349199949607003,-0.0013519733361361966,-0.007744008305342278
36.45000000000132,8.379550116301612,0.0010384140651139794,-0.0013935154979332074,-0.00791854064379422
36.460000000001315,8.38285335084867,0.0012689655457061213,-0.0014393251159688868,-0.007743917992274879
36.47000000000131,8.378166074878184,-0.001491076272339222,-0.0014686083297671753,-0.007899538701350378
36.48000000000131,8.385409605224876,0.0016420030645952482,-0.001481264375562644,-0.008030944302970109
36.49000000000131,8.39213648354632,0.0017045694495423714,-0.0015160481136296847,-0.007843390267187098
36.50000000000131,8.381902547743227,0.0012098348464024444,-0.0015345153046742244,-0.007982718584750099
36.510000000001305,8.390720601979755,-0.0017672445417697671,-0.001565262629182213,-0.00811741805529255
36.5200000000013,8.399677816556355,0.0020825750716373667,-0.0016167030246991478,-0.007896179644151215
36.5300000000013,8.389009572839363,0.0016270779098443821,-0.0016234113407703277,-0.007835856846072076
36.5400000000013,8.397558826282255,0.001580591630172761,-0.0016878413279099438,-0.00803593558731113
36.5500000000013,8.406763918180516,0.001317424591504945,-0.001737225517874009,-0.007901319508461227
36.560000000001295,8.396170783697322,0.0012269710116747479,-0.0017188759655658848,-0.007772390221893684
36.57000000000129,8.404548680575058,0.0008169822684375199,-0.0018129647252666918,-0.00798053495639911
36.58000000000129,8.413689070781349,0.001538222012003478,-0.0018603264726359896,-0.00804587717751756
36.59000000000129,8.402997404869256,0.001075957389163381,-0.0018087167898374664,-0.007828857600599254
36.60000000000129,8.411066172490685,0.001002239590906817,-0.0019382797587242126,-0.007909254315585883
36.610000000001286,8.420090616921222,0.0013708313069402795,-0.0019827234188352447,-0.008024564815573013
36.62000000000128,8.409259147520455,0.0010699431182061227,-0.001891513037407268,-0.007784151769703074
36.63000000000128,8.416760531255893,0.0011198185045196128,-0.0020555749628116066,-0.007633839738830949
36.64000000000128,8.42569598258431,0.0013112265168896786,-0.002097526259902074,-0.007808995468532976
36.65000000000128,8.414755265846784,0.0011117253721391034,-0.0019608947744262006,-0.007612663639679373
36.660000000001276,8.421232751238694,0.0012162668775297426,-0.0021451239967129852,-0.007454478212340344
36.670000000001274,8.430265090968492,0.0013364321520649147,-0.002194469418644528,-0.007616636836473117
36.68000000000127,8.41930542912337,0.0011673990251606235,-0.002011870800225151,-0.007410669536277092
36.69000000000127,8.42198945701756,0.001269343453752438,-0.002179782791642618,-0.0072462322564041965
36.70000000000127,8.432027922587867,0.0014133692568787139,-0.0022833711382594024,-0.007403235190228463
36.710000000001266,8.421955053816633,0.00125188343547085,-0.0020545847088269563,-0.007182361090896517
36.720000000001264,8.416011673058648,0.0012623974532871547,-0.0021157473686506368,-0.006996538752604763
36.73000000000126,8.427384829883733,0.0015190606219524806,-0.0023616797703507175,-0.007149810756296543
36.74000000000126,8.43192394174436,0.0015894617528497124,-0.0022876234969169584,-0.006937170717433264
36.75000000000126,8.421393753990095,0.001384000238621891,-0.0020750675625964697,-0.006713785495795843
36.760000000001256,8.429283349756252,0.001642797213485612,-0.0023692277838819613,-0.006835529476052888
36.770000000001254,8.436464382105834,0.001662053099793067,-0.0023768467295739964,-0.006630780236268605
36.78000000000125,8.425374855577951,0.001492734163749276,-0.0020755857995721633,-0.006394224767819205
36.79000000000125,8.418184998279047,0.0015287500150499521,-0.0021394035692367205,-0.006283990814384629
36.80000000000125,8.429731319532381,0.0018237993923937968,-0.002493075056098717,-0.006188035791236208
36.810000000001246,8.423275234336927,0.0016639945607966437,-0.002153996155688631,-0.006001414610095316
36.820000000001244,8.414656455817555,0.0017144180548475901,-0.0021118059861586214,-0.005863914456844103
36.83000000000124,8.426077378390508,0.001988726553887961,-0.002533679367573974,-0.005771925295015582
36.84000000000124,8.421638086970036,0.0018285533657295154,-0.002201251359415,-0.0056007135307415915
36.85000000000124,8.412505168329725,0.001855398686546575,-0.0021002149897802326,-0.005452453602366876
36.860000000001236,8.423546850790881,0.0021221749965407008,-0.0025676613455206344,-0.005352385459638463
36.870000000001234,8.418332395320872,0.0019507153675818907,-0.002187545489541793,-0.005176522730553274
36.88000000000123,8.409509262792144,0.001995256771586024,-0.0021007937646047494,-0.005021669687516203
36.89000000000123,8.420656613703867,0.002239593573872751,-0.00260572467538547,-0.004910366668012006
36.90000000000123,8.414359640528287,0.0020693511588511836,-0.0021556017465602807,-0.004722122019932939
36.910000000001226,8.405769862747539,0.00212542148179009,-0.0020941848024306734,-0.004559381065065515
36.920000000001224,8.417014450510075,0.002337867360501654,-0.0026374366706899744,-0.004436226302256676
36.93000000000122,8.4099699699433,0.0021792954605530323,-0.0021210983804746254,-0.004234706107716953
36.94000000000122,8.40138361003936,0.0022363070542428423,-0.0020747822286747556,-0.004062370823434453
36.95000000000122,8.412572435164936,0.002412128885489933,-0.002657404736021731,-0.003927314266103739
36.960000000001216,8.404963903346534,0.002271451113658899,-0.002080124892099201,-0.0037137807442835544
36.970000000001214,8.396253151779328,0.002323604850357078,-0.0020423366984114537,-0.0035315720947663135
36.98000000000121,8.407268058369771,0.002459058137776172,-0.0026634866008964685,-0.0033847674150598796
36.99000000000121,8.399202912638607,0.002340861843514345,-0.0020292837453419056,-0.003161020105178088
37.00000000000121,8.39029516488028,0.002384492543224698,-0.001995761869543653,-0.0029694723942959747
37.010000000001206,8.401020933452871,0.0024764831483479006,-0.002652739395330535,-0.0028112662879984066
37.020000000001204,8.392589049502956,0.0023839493681708395,-0.0019666796348280025,-0.0025791240990717386
37.0300000000012,8.383451748543855,0.0024166355700027484,-0.0019341211883491666,-0.0023784228083394447
37.0400000000012,8.393748710500917,0.0024630919297431333,-0.002621480159844334,-0.002208136321458357
37.0500000000012,8.385039560496796,0.002397810974679389,-0.0018912144458526955,-0.001968532159878235
37.060000000001196,8.375674701724423,0.002418036807610548,-0.0018569153383248993,-0.0017591379343827008
37.070000000001194,8.385350842098063,0.0024184656901606876,-0.002564973435326512,-0.001577147553052323
37.08000000000119,8.376469190750012,0.002380297332981262,-0.0018027030829413848,-0.0013323702672892314
37.09000000000119,8.366912442611023,0.0023872520919129272,-0.0017641836591069427,-0.0011153673230235904
37.10000000000119,8.375656247718666,0.002343380529066399,-0.0024755469429040026,-0.0009220424147481985
37.110000000001186,8.366751256953027,0.0023299670123805155,-0.001702706392517512,-0.0006743473504004549
37.120000000001184,8.3570868590588,0.002324565725409269,-0.0016571694827351455,-0.0004508779236154562
37.13000000000118,8.364158532907954,0.0023704818383595326,-0.002331276447076698,-0.00024635323552912067
37.14000000000118,8.355531389316534,0.002605081612836673,-0.0015979708324043058,9.978927876092195e-07
37.15000000000118,8.345983253912342,0.00281548318137005,-0.0015405869663162484,0.00022838616680523002
37.160000000001176,8.342642476248697,0.0029625642617054663,-0.0017607542267189136,0.0004496116385894259
37.170000000001174,8.336704102351195,0.0031505113602020773,-0.0015851748012645868,0.0006814624414920457
37.18000000000117,8.32993871482263,0.0033304104193197627,-0.0015105954868491751,0.0009111871085115275
37.19000000000117,8.326699438485038,0.003466446653892145,-0.001633011623883865,0.001137592238500352
37.20000000000117,8.320503621453302,0.0036399847811281845,-0.0014461354744688148,0.0013700481221341062
37.210000000001166,8.314634973353563,0.0037831195535165904,-0.0014228017035414092,0.0015995684872077832
37.220000000001164,8.312037795748616,0.003884702609733532,-0.0015293689549906624,0.0018277340594010706
37.23000000000116,8.305396957034567,0.00405088764393686,-0.0012752241742520797,0.0020603415848547404
37.24000000000116,8.299498199283152,0.004159874997363859,-0.0012649185951377438,0.0022895394574807245
37.25000000000116,8.299007184353982,0.004195560372685901,-0.0014706341010635277,0.002517532623711723
37.260000000001156,8.291515976417838,0.004380619375364608,-0.001072599727203874,0.002749056156637471
37.270000000001154,8.284386136455328,0.004460783985780335,-0.0012448503905451611,0.00297690747338563
37.28000000000115,8.291342652892585,0.004310819491970656,-0.002148356900819993,0.0032067144977376955
37.29000000000115,8.282347870678553,0.004621731940139773,-0.001443314912259336,0.0034378029009060904
37.30000000000115,8.272639040341925,0.0046816432866506,-0.0016183224310105653,0.0036679700695779515
37.310000000001146,8.266906910026648,0.00464330677032618,-0.0018831043914704292,0.003899472850595794
37.320000000001144,8.261351344823753,0.0046529269439669245,-0.0019895182165975875,0.004131326026521406
37.33000000000114,8.254079318902974,0.004685189313603803,-0.002047841806319429,0.0043631498478708085
37.34000000000114,8.247579615845773,0.0046532309167018025,-0.002223869638957546,0.004596860099855303
37.35000000000114,8.24157225357565,0.004611192170298634,-0.0023504974809099564,0.004830670926514077
37.360000000001136,8.234890634968686,0.0045785909190721044,-0.0024180658004777683,0.005063819522319513
37.370000000001134,8.228291885175436,0.0045133830313252195,-0.002515857122554273,0.005297722528171624
37.38000000000113,8.221849577269381,0.004431713486375934,-0.002591235838416002,0.005531242394187626
37.39000000000113,8.215131345221803,0.00434525328888934,-0.002639937548539511,0.005763928853487804
37.40000000000113,8.208321502946273,0.004239770886815296,-0.002687259298792845,0.005996201081500717
37.410000000001126,8.201485756369538,0.00411929277963441,-0.002718521006586645,0.006227383168768447
37.420000000001124,8.194487284065872,0.003989283241139763,-0.002735487187812057,0.006457216824186588
37.43000000000112,8.187354833543884,0.0038464525641611898,-0.0027412528546277392,0.00668549155814358
37.44000000000112,8.180118530274395,0.0036919913562448066,-0.0027320015409339235,0.006911704027500054
37.45000000000112,8.172741211814891,0.0035285682143466578,-0.002711213793999699,0.0071356423630309284
37.460000000001116,8.165221181842613,0.0033564487928104954,-0.002676499101283644,0.007356810815442742
37.470000000001114,8.157568555229915,0.003176645641552899,-0.002627314579184324,0.007574766102375705
37.48000000000111,8.14977552814739,0.002990832336201423,-0.0025667145501361193,0.0077892654679038945
37.49000000000111,8.14183496418751,0.0028003641034772264,-0.002491463026735913,0.007999697216251715
37.50000000000111,8.13374805690081,0.0026063689867003373,-0.0024030338930302905,0.008205712664416298
37.51000000000111,8.125516189714244,0.0024100759896413418,-0.0023026292676898803,0.008406965460566363
37.520000000001104,8.117139318837816,0.002212781052037331,-0.002190537611624718,0.008603062926504377
37.5300000000011,8.108619073140149,0.002015689336760441,-0.00206608051903918,0.008793543133011708
37.5400000000011,8.099958008633477,0.0018199598271856198,-0.0019334508069449,0.008978347277830609
37.5500000000011,8.09115868712661,0.0016266512562012568,-0.0017825788889555042,0.009156249397119776
37.5600000000011,8.082224309759818,0.00143692912950571,-0.0016652283443727251,0.009331503886253605
37.570000000001095,8.073158104585234,0.0012507720836999968,-0.001279758492629989,0.009475768461735746
37.58000000000109,8.063967200363523,0.0010772021058130228,-0.003306279263809592,0.009848672521098101
37.59000000000109,8.054623418019876,0.0008925172223781218,0.00045277059920297935,0.009649859808791019
37.60000000000109,8.045150724632308,0.000725282670034478,0.0006819721397840419,0.009777714427807246
37.61000000000109,8.035627972309236,0.0005756001130148571,-0.003262534883376171,0.01034792752757932
37.620000000001085,8.025987691466472,0.00040539242304628536,0.0014935415229725816,0.009986071801364732
37.63000000000108,8.016215338550056,0.00027294522457400454,-0.001522053220462148,0.010464859261457389
37.64000000000108,8.006370498250728,0.00013780828494185457,-0.001076793758679927,0.010552880677106757
37.65000000000108,7.9964103125260015,-5.403955164707955e-06,0.0027991831799173586,0.010223044241385629
37.66000000000108,7.986383327390231,-0.00010919858692891806,-0.0008838749415680438,0.010783324208009027
37.670000000001075,7.9763181174758175,-0.00023607237773259294,0.002589571697956782,0.010464385795858818
37.68000000000107,7.966190559659903,-0.00033142290082368604,-0.00025867541805959523,0.010934379620715385
37.69000000000107,7.956008480870528,-0.000427853427340729,0.0004614432488744127,0.010942912663051151
37.70000000000107,7.945749379845935,-0.0005323701573822064,0.003389781414678676,0.010650607236583884
37.71000000000107,7.935463177268888,-0.0005977171829094431,0.0006058565986835359,0.01110291912776424
37.720000000001065,7.92516654987932,-0.0006815181920312751,0.0010016864438626533,0.01113002919136192
37.73000000000106,7.914806510686184,-0.0007497816716154968,0.001999382958327949,0.01107452310518858
37.74000000000106,7.90440285000435,-0.0008140651086195659,0.0017434385955369517,0.01116047122576641
37.75000000000106,7.893987294601688,-0.0008644674633575352,0.0026880741634229747,0.011091681060362502
37.76000000000106,7.88356160992152,-0.0009478801936591158,0.0019096032836926295,0.011262485850072198
37.770000000001055,7.873123797531353,-0.0008910410592706491,0.0023451728796797053,0.011086672438016148
37.78000000000105,7.86267327504138,-0.0013591191035612997,0.002483407877584126,0.011200940253249324
37.79000000000105,7.85221833432298,-0.0004483888421524857,0.002482114331044184,0.011313847148232054
37.80000000000105,7.841768056821373,-0.0029454854775228445,0.0027435975501830558,0.011085902898267483
37.81000000000105,7.83131519974073,0.0003168219301753156,0.002752293795988678,0.011228432383709184
37.820000000001045,7.820869404293224,0.0003207739858520526,0.002980140011322688,0.011330812568416672
37.83000000000104,7.810466374168489,-0.003239356295922972,0.0029648635533384405,0.011135441396621204
37.84000000000104,7.800083966446961,0.0009299672526951792,0.003168530178803834,0.011225555897690805
37.85000000000104,7.789719557428301,-0.0007126522769655248,0.0032406853521736527,0.01134574729276979
37.86000000000104,7.779412674726706,-0.0023815519511513877,0.003290032021095797,0.011126661676516943
37.870000000001035,7.769142226147292,-0.0004657413704480947,0.0034069791151325923,0.011198379462248515
37.88000000000103,7.758900496110202,0.0004823608488595886,0.003494396464277769,0.011306405346025426
37.89000000000103,7.7487296365446126,-0.003042862500706163,0.003472015251244834,0.011092661894088562
37.90000000000103,7.73861484710437,0.00010798102228497571,0.003576039092887087,0.01094745348989562
37.91000000000103,7.728540741971076,0.00012851819152524726,0.003618628323691011,0.011123895292376553
37.920000000001025,7.718550413311869,-0.0031151449183431904,0.0035676403603637783,0.010997819366310889
37.93000000000102,7.708626254570755,3.7563969206662666e-05,0.003638178865097612,0.010814166194235744
37.94000000000102,7.698751045990653,-0.0024779593182880926,0.0035954813954608648,0.010999415041400834
37.95000000000102,7.68895067044065,4.5493839747656075e-05,0.0036328456492945274,0.010856242210795269
37.96000000000102,7.6792293159821865,-0.0023078071004022987,0.0035572810411573998,0.010695679305380934
37.970000000001015,7.669581371989708,-0.0017781756159046043,0.003551549226680371,0.01085506560389533
37.98000000000101,7.659999853301951,-0.0014272199608238265,0.003517163931616916,0.0106896825841151
37.99000000000101,7.650494589728779,0.0011462191244296857,0.0035084084069364053,0.01051246588287761
38.00000000000101,7.641096952996586,-0.002547403112055478,0.003395309494516853,0.010689971824658192
38.01000000000101,7.631797167577864,-0.0017968728533183434,0.003350462767477018,0.010498588933589188
38.020000000001005,7.622561902770478,-0.0019045516042294037,0.0032801664381661233,0.010313247785051586
38.030000000001,7.613410678028644,0.0017908694748939703,0.003284289531681159,0.010440053392657515
38.040000000001,7.60438587417002,-0.0025373946907679733,0.003130762902537952,0.010264546266913746
38.050000000001,7.595471333042738,-0.0021090093322153783,0.00306041566806974,0.010062758319127375
38.060000000001,7.586626413559234,-0.0012899474712598491,0.003010880024522436,0.010121659140363115
38.070000000000995,7.577880940103467,-0.001945524319084366,0.0029125210032921,0.009937313300609197
38.08000000000099,7.569251944200141,0.001099648327626274,0.0028795742869969568,0.009732229093742953
38.09000000000099,7.560731184986207,-0.0022882686669700465,0.0027390812107214706,0.00962006115498282
38.10000000000099,7.552338792887955,-0.002303794476841269,0.002657448004779247,0.009490449119866672
38.11000000000099,7.544040604048045,-0.001767288872862044,0.0025859295707160628,0.009331124557370677
38.120000000000985,7.535836549626499,-0.001698445804553384,0.0025070504901974614,0.009185894648860883
38.13000000000098,7.527770430255339,-0.001557972627652636,0.0024285991695987144,0.009046218331672512
38.14000000000098,7.519808235820473,-0.0016383986298055414,0.0023485052614195235,0.008898251213253936
38.15000000000098,7.511962767145217,-0.0015517969129000874,0.0022718585624755625,0.0087457107151743
38.16000000000098,7.504262155087489,-0.0016640467049888756,0.0021921284471098416,0.008591932029250737
38.170000000000975,7.496664855066992,-0.0016187818065683242,0.0021183591420741677,0.00843259845422755
38.18000000000097,7.489209097895473,-0.0017103573902155157,0.00204235398559463,0.00826882046643213
38.19000000000097,7.481897447496205,-0.0017126503207702697,0.0019692799394628985,0.008099713072179292
38.20000000000097,7.474687029214276,-0.0017801874155502966,0.0018988902971238595,0.007925471682070856
38.21000000000097,7.467658799278014,-0.0018150385532996302,0.001827102543979278,0.007746367915758017
38.220000000000965,7.460741693825521,-0.0018722983569613555,0.0017598699133779016,0.007561570398330201
38.23000000000096,7.453953760391469,-0.0019226211669776461,0.0016934672191579931,0.007371625855368211
38.24000000000096,7.44739697186262,-0.001980293950148042,0.0016245424782295004,0.0071771024467573875
38.25000000000096,7.440827668650344,-0.0020338692074626055,0.0015669581987099667,0.006976038255802099
38.26000000000096,7.434614887976027,-0.002096902761352834,0.0014960426604539627,0.006772141197797472
38.270000000000955,7.4284042025694665,-0.0021499443360528865,0.00144066888737012,0.00656132372964738
38.28000000000095,7.422244657319716,-0.0022081361730246474,0.0013839587480489887,0.006346212353919972
38.29000000000095,7.417128453713047,-0.0022875155603822067,0.001292973896187673,0.006131509558093149
38.30000000000095,7.410235830447388,-0.0022923022420530664,0.001304139193166799,0.005898264879044155
38.31000000000095,7.4129979152058185,-0.002641863382383849,0.0009265239327377407,0.00571449682420043
38.320000000000945,7.403565591106144,-0.002338281269576787,0.001295642208403617,0.005423300212910845
38.33000000000094,7.394022753364598,-0.0023941390030517836,0.0012314029730081538,0.005189800996658059
38.34000000000094,7.4020516629791,-0.0027700988728305126,0.0006432253645563081,0.005021915635197523
38.35000000000094,7.391110789400119,-0.0024621048856169917,0.0011918104700156984,0.0046983191630764485
38.36000000000094,7.3799956620786125,-0.0025066260951225254,0.001121325593994965,0.0044556797298309645
38.370000000000935,7.388575569308528,-0.002840966402785224,0.0005205513059929172,0.004276241225359665
38.38000000000093,7.378018961296046,-0.0025521142197219753,0.0010175503907781846,0.00395081208522974
38.39000000000093,7.366918469712893,-0.002610876920242518,0.0009563517981473554,0.003694933352727233
38.40000000000093,7.375641279638355,-0.002937798364849384,0.00040890122438716736,0.003494654730717506
38.41000000000093,7.365423744379598,-0.0026088709468936604,0.0008392294937285514,0.0031697605174286847
38.420000000000925,7.35462435389859,-0.002676177509197198,0.0007774210758828578,0.002904317336361578
38.43000000000092,7.363705851578944,-0.002990960850618115,0.000289564755895452,0.0026852904709742066
38.44000000000092,7.353956584886772,-0.0026442081616202826,0.000654352699885729,0.0023624370310977635
38.45000000000092,7.343532070457917,-0.002705627119141389,0.0005931773457003112,0.0020892355844913894
38.46000000000092,7.353037288653522,-0.002995579390905575,0.00016764485331069012,0.0018537466270207655
38.470000000000915,7.3439483200039835,-0.002651593057902933,0.00046410962615780425,0.0015347926611706461
38.48000000000091,7.33392996332542,-0.0026984833634789655,0.0004061106203484435,0.0012556472588925683
38.49000000000091,7.343857438933046,-0.0029545003406326875,4.4923293869462486e-05,0.0010063011309487213
38.50000000000091,7.335680720402752,-0.002629664755106017,0.0002704135227799998,0.0006930397192706555
38.51000000000091,7.326023631721237,-0.002655206467150116,0.00021832087835064028,0.0004098681131416077
38.520000000000906,7.336336015911409,-0.0028719283642422663,-7.82384658349882e-05,0.00014959827311390497
38.5300000000009,7.329542970410146,-0.0025809779674466986,7.430442841962496e-05,-0.00015636461463159368
38.5400000000009,7.320039534744824,-0.0025767109600223484,3.193209441326015e-05,-0.00044168071942185137
38.5500000000009,7.330638800042936,-0.0027527029242629415,-0.00020159872808078218,-0.0007096935951735749
38.5600000000009,7.333408919395661,-0.0026081538360567327,-0.00017196180141557332,-0.0010027225169471426
38.570000000000896,7.322480712021474,-0.002454217676180741,-0.00013570614028586466,-0.00129454113531678
38.580000000000894,7.3298589065430315,-0.002578903147862967,-0.0003011158357842841,-0.0015675537166971107
38.59000000000089,7.335876831856316,-0.0024652336813966317,-0.00033163625094636943,-0.0018519730854337918
38.60000000000089,7.324660225704677,-0.0022945628867875032,-0.00032156430388473724,-0.0021377526570582864
38.61000000000089,7.317909251055636,-0.0022708689556790863,-0.0004004866044378805,-0.002414189592382169
38.620000000000886,7.32915499663729,-0.002318740223390237,-0.00047877344677966507,-0.0026892749085254976
38.630000000000884,7.323281310920137,-0.0021680675949517815,-0.0005087384689928272,-0.002966563886270334
38.64000000000088,7.314976875608838,-0.002340794458424105,-0.0005719236377093842,-0.0032388319011326014
38.65000000000088,7.3266380938538145,-0.0026237211876398987,-0.0006018846821967928,-0.003512162800805993
38.66000000000088,7.334891047355323,-0.0027931814721056723,-0.0006441733136673437,-0.003783740342082079
38.670000000000876,7.3240396472738745,-0.0029389838553268563,-0.0007488944659087945,-0.004049871969380186
38.680000000000874,7.329948052685821,-0.003150835072958234,-0.0007461515718375425,-0.0043206750356014735
38.69000000000087,7.340080598439479,-0.0032663057727903787,-0.000771775062777217,-0.004587638010061264
38.70000000000087,7.330012558728955,-0.0034173715371394607,-0.0009253667233941619,-0.004845165948866551
38.71000000000087,7.326777666119127,-0.0035653330287829924,-0.0009472579049556107,-0.005107664018359939
38.720000000000866,7.338622778795264,-0.0036334143275291646,-0.000900691191904937,-0.005370514343413421
38.730000000000864,7.342968048466781,-0.003769110479258928,-0.0009948474005823651,-0.005623034008739103
38.74000000000086,7.334090512201184,-0.003939926171767824,-0.0011391741431504591,-0.005870804131062102
38.75000000000086,7.344750733820082,-0.003922232068005655,-0.001031183931815259,-0.006126217514121975
38.76000000000086,7.35416239379234,-0.0039693008289611005,-0.001079868301327862,-0.006370478251285558
38.770000000000856,7.344294851889626,-0.004186111310028,-0.0012901629150301858,-0.006605473874029516
38.780000000000854,7.353125769264414,-0.004072049422683049,-0.0011574137908725267,-0.006848927388029778
38.79000000000085,7.363525111480872,-0.004050247365032673,-0.0011804526391640264,-0.007081535455993228
38.80000000000085,7.354129452604282,-0.004295606067625869,-0.0014655499951377702,-0.0073031203005789365
38.81000000000085,7.363176023828801,-0.004069501173098416,-0.0012819417968807987,-0.007532806628738276
38.820000000000846,7.373821228062331,-0.004000209382643616,-0.0013117589379075256,-0.00775079764104329
38.830000000000844,7.364761047466721,-0.0042689280909209495,-0.00168651396233519,-0.007958943618028359
38.84000000000084,7.374437259982081,-0.00391530599570211,-0.0014318354075814794,-0.008172483083008204
38.85000000000084,7.38535071192815,-0.003804336738421663,-0.0014729311147642955,-0.008374483992632322
38.86000000000084,7.376627911707184,-0.00409572459454045,-0.0019441701781018265,-0.008570041478290295
38.870000000000836,7.386918955298789,-0.003615058595547135,-0.0016035284401941156,-0.008764422279871231
38.880000000000834,7.398183082803245,-0.0034671104637994626,-0.001653452482684181,-0.008949483425969094
38.89000000000083,7.3898762054659315,-0.0037811863615230456,-0.0022275855746988972,-0.009133955175350504
38.90000000000083,7.400717886595427,-0.003185213509064136,-0.001805848268103347,-0.009306026269076112
38.91000000000083,7.412372368647074,-0.0030083970308296777,-0.0018785216892313402,-0.009473929137813511
38.920000000000826,7.40457903329726,-0.0033444740903093807,-0.002567324216936036,-0.009649929765840197
38.930000000000824,7.41590021429222,-0.0026549471938098904,-0.002054174805521141,-0.009796850655726518
38.94000000000082,7.427951423924541,-0.0024604406929179604,-0.00213799307849013,-0.009947665107815924
38.95000000000082,7.420791382773557,-0.0028151078629727283,-0.0029278077735884825,-0.01011762647168744
38.96000000000082,7.4325089537520075,-0.0020637298357207524,-0.0023270197229780893,-0.010236722598922082
38.970000000000816,7.444933951363583,-0.0018645040354131144,-0.002418540282750266,-0.010370674469547108
38.980000000000814,7.438569646494793,-0.0022292320898420924,-0.003295360835617596,-0.010536597533393264
38.99000000000081,7.450577770012889,-0.001456596139243388,-0.002620162989932725,-0.010626201052101308
39.00000000000081,7.463321822305721,-0.001265247664479329,-0.0027152340736362147,-0.010743706708916423
39.01000000000081,7.45801460977821,-0.0016232826152701994,-0.003653357587657829,-0.010906124050870025
39.020000000000806,7.470162561430242,-0.0008777633504296043,-0.0029293970212727212,-0.010966492572603636
39.030000000000804,7.483124892232897,-0.0007043174243207625,-0.0030223381443012713,-0.011067952410142447
39.0400000000008,7.479475627780011,-0.0010229541943066738,-0.003970120503015591,-0.0112234473254023
39.0500000000008,7.491487602318648,-0.000365819714971994,-0.0032543602788272525,-0.011259939906594072
39.0600000000008,7.504449000303474,-0.00021591767237626186,-0.003337407986023487,-0.011344943019624486
39.070000000000796,7.510773486176271,-0.00020757545069574057,-0.003795277755869048,-0.011444246340365227
39.080000000000794,7.5204706480570245,1.2997846822017888e-05,-0.0036990206356034313,-0.011519115954063576
39.09000000000079,7.530822147124346,0.0001306850116843257,-0.003776730276154761,-0.01158049180179883
39.10000000000079,7.535330706458894,9.033325809775376e-05,-0.004229354264964183,-0.011663765114187827
39.11000000000079,7.546041746638338,0.00036321713992876274,-0.0039543654931329004,-0.011728320036029328
39.120000000000786,7.556464234876937,0.0004477487025781295,-0.0040875764711494214,-0.011622284923076232
39.130000000000784,7.552317906707098,0.0001531016985965082,-0.00509465452220991,-0.011878099371614907
39.14000000000078,7.564952597520419,0.0006375190912684642,-0.004096040553336044,-0.011900553746528663
39.15000000000078,7.578154855734235,0.0007118312274436931,-0.004182477096025493,-0.011728092772894834
39.16000000000078,7.585258445889504,0.0007339732967284624,-0.004603363593203159,-0.011933780997379694
39.170000000000776,7.595058326947726,0.0007708541080507883,-0.004453028704068604,-0.012062406498889778
39.180000000000774,7.605688811439791,0.0008216246320211091,-0.00448105403812467,-0.011874358419923651
39.19000000000077,7.61384156200954,0.0008362587089268201,-0.004700113505448746,-0.012037084344724497
39.20000000000077,7.623461618272592,0.0008937985764557767,-0.004633489984964542,-0.012171263602125648
39.21000000000077,7.633198148230777,0.0009547640467192125,-0.004681160483524056,-0.011978379278619526
39.220000000000766,7.641737440120604,0.0010038778669537603,-0.004785756074845187,-0.012070217951317849
39.230000000000764,7.651251075406519,0.0010603090336235676,-0.00472230038122859,-0.012213418048221208
39.24000000000076,7.660683856935584,0.001137554986466305,-0.004747153643012761,-0.012016651871787062
39.25000000000076,7.669545448935161,0.001210570592551698,-0.0047798391199916565,-0.011906675574173887
39.26000000000076,7.67899215288328,0.0012534847359752539,-0.004709887599290286,-0.012095789987657023
39.270000000000756,7.688358700113934,0.0013353471487408894,-0.004694957524683887,-0.011975583716458443
39.280000000000754,7.6974797866200335,0.0014027255119531215,-0.004671827855909614,-0.011820707149412702
39.29000000000075,7.70690966733221,0.0014367227605710101,-0.0045911491293295584,-0.011998154739052322
39.30000000000075,7.716305378890289,0.0015159456006588596,-0.004537508783038977,-0.011877888712729228
39.31000000000075,7.725609751120516,0.0015644075980859092,-0.004472452242874649,-0.011703713269349408
39.320000000000746,7.735065618279789,0.0015963737374020558,-0.004374032354332286,-0.01186318931877962
39.330000000000744,7.7445232423725425,0.0016572991265652716,-0.0042860168018095226,-0.011704592204068052
39.34000000000074,7.753953628384494,0.0016929832709585855,-0.004188445153268799,-0.011521438110245304
39.35000000000074,7.763451038613411,0.001715180625237379,-0.004069050992168951,-0.011666671743359962
39.36000000000074,7.77295864175139,0.0017541725731520185,-0.0039519565017024985,-0.011473920580118948
39.370000000000736,7.782458318513561,0.00178255898307401,-0.003831474916214665,-0.011275665575272483
39.380000000000734,7.791981724335979,0.0017864685025496953,-0.0036904292426452098,-0.011402482739409808
39.39000000000073,7.80150850013512,0.001814797610744079,-0.0035508882194655,-0.011184139922615197
39.40000000000073,7.811026502433323,0.001821948690804171,-0.0034166730780604633,-0.0109688287944162
39.41000000000073,7.820542984493591,0.001844522308666518,-0.0032508059620494105,-0.01107009727230101
39.42000000000073,7.830049170973953,0.0017621342308863214,-0.003110718369613662,-0.010836781862390878
39.430000000000724,7.8395371580105575,0.0033534019753136504,-0.0029187384902727652,-0.010597775658819909
39.44000000000072,7.848991941612304,0.0009138238726638411,-0.002841534242725906,-0.010673752131881084
39.45000000000072,7.8584139519151845,0.0010355461853815563,-0.002406724141361041,-0.01038601555636413
39.46000000000072,7.867822064000153,0.0043759000715396365,-0.003024143117838999,-0.010288901062183357
39.47000000000072,7.8771833753817875,0.0005259987644444017,0.00047092452618311233,-0.009523450504864386
39.480000000000715,7.886451661101287,9.966359459462415e-06,-0.004090996552640918,-0.01022757079641424
39.49000000000071,7.89569271601078,0.005321731920427591,-0.0037933262290971302,-0.010020567914877503
39.50000000000071,7.904937366721758,-0.0004128003547394737,0.0011364716066170856,-0.008973611718585142
39.51000000000071,7.914082798553129,0.003812532123822058,-0.004301879052162722,-0.009837159079767245
39.52000000000071,7.923145234051733,-0.0004247248089434335,0.0004567462238583631,-0.008823977609378562
39.530000000000705,7.932177751807758,0.003304635063294187,-0.004080538440969572,-0.009510573253833726
39.5400000000007,7.941153059860148,-0.0002947767127773443,0.0005088101440240771,-0.00852939642166469
39.5500000000007,7.950060554413475,0.0030984855098779625,-0.003739307856089176,-0.009158408105930568
39.5600000000007,7.958911467933154,5.137558502806824e-05,0.0006891656850978845,-0.008201464604705618
39.5700000000007,7.967696731376007,-8.18018417296086e-05,-0.0030747789774808526,-0.008733102964225279
39.580000000000695,7.976431081244109,0.00397792775398632,0.0005830858683361698,-0.007915473629916845
39.59000000000069,7.985088083491577,0.0030074056482722964,0.0003261416145083974,-0.007801317497417223
39.60000000000069,7.993577404925892,-0.0012912990453993046,-0.004057159070932329,-0.008427047715244336
39.61000000000069,8.002021094757247,0.003384423244733261,0.0009791680409849686,-0.00735355246406391
39.62000000000069,8.01044945682339,-0.000689607141129493,0.000682216437470006,-0.007237259976342542
39.630000000000685,8.018717626136876,0.0030376794381544317,-0.003921201207379122,-0.007884542793599843
39.64000000000068,8.026914132749003,0.0023153373940195446,0.0013110213075525168,-0.006773194160172169
39.65000000000068,8.035063954604214,-0.0011465481439358874,0.0009752540349571973,-0.006653231685120912
39.66000000000068,8.043063248081602,0.002706271984721515,0.00011941637287093878,-0.006621768048044348
39.67000000000068,8.050946302701217,0.0024646611534754606,0.0003479983022170071,-0.006394207257622666
39.680000000000675,8.058725665842973,-0.0014211504087752334,-0.0003283636653521176,-0.006320941413481343
39.69000000000067,8.06640902050836,0.0028390670333233686,0.0005065019794854237,-0.005979788573523077
39.70000000000067,8.074008683583104,0.0023894471395054413,-2.4110384819583193e-05,-0.005874875257848504
39.71000000000067,8.081475778780504,0.001109160933382743,0.0004574951938006557,-0.005592714963900465
39.72000000000067,8.088824420986388,0.001636078052186882,0.00028163731444000073,-0.005419544783650447
39.730000000000665,8.096082597796144,-0.0013977637946733562,0.0004109653566457431,-0.00519190071225511
39.74000000000066,8.103253299928271,0.002278421386532317,0.0004985081032796276,-0.00496591499156879
39.75000000000066,8.110330579185497,0.0021840208882605286,0.0005612180139076213,-0.004745435230216312
39.76000000000066,8.117281028049574,0.0015904001660438582,0.0006323947549153196,-0.004521720248048437
39.77000000000066,8.124110865904294,0.0011274454457129083,0.0006860950351841909,-0.004297879568716664
39.780000000000655,8.130844563236591,0.0013571362562884242,0.000758325278952146,-0.004068207633097663
39.79000000000065,8.137470989722779,0.0011401284151025973,0.0008210507506421208,-0.0038385880337775454
39.80000000000065,8.143985729685214,0.0016369832553758622,0.0008903451751185497,-0.0036059359163775873
39.81000000000065,8.150395104536047,0.0014835658640787411,0.0009526210935832133,-0.0033730732240273825
39.82000000000065,8.156691887669078,0.0018727992658092673,0.0010178532671474738,-0.0031370404255778735
39.830000000000645,8.162873083896859,0.0018492011737659066,0.0010786183358776312,-0.002900183231244088
39.84000000000064,8.168940299088685,0.0021034648593213296,0.0011399386214727537,-0.00266133197732367
39.85000000000064,8.174889353418942,0.0021744353427068704,0.00119845202942382,-0.0024217010615829185
39.86000000000064,8.180718285866124,0.002347495598476502,0.0012559607171224517,-0.0021808807895516615
39.87000000000064,8.186427216610301,0.0024554726664212045,0.00131135566750094,-0.0019394048142296087
39.880000000000635,8.192013559030448,0.0025897064317255028,0.0013649064388846057,-0.0016972945801916868
39.89000000000063,8.197476059190764,0.0027015862486638527,0.0014162199040145828,-0.0014548377119542346
39.90000000000063,8.202814768730665,0.00281474108093718,0.0014652283055229612,-0.0012121757810262463
39.91000000000063,8.208027965724881,0.0029172367165362276,0.0015115639094305314,-0.0009695338157146374
39.92000000000063,8.213115358526391,0.003013921445824145,0.0015550277311684466,-0.0007270795561736124
39.930000000000625,8.218077221253427,0.0031020272675480968,0.0015953150722670306,-0.0004849969285973478
39.94000000000062,8.222912679624907,0.0031821440152321754,0.0016331938657579857,-0.00024330422453467
39.95000000000062,8.227622402031573,0.0032534515057103986,0.0016773313270977744,-9.346404616326367e-07
39.96000000000062,8.232206918581435,0.0033157230286344442,0.0017298224991110322,0.00024219963186709946
39.97000000000062,8.236665772998737,0.0033685451662214057,0.0017907149289053922,0.0004858879782761858
39.980000000000615,8.241000073706902,0.003411624959613481,0.0018599425601362085,0.0007299039396889546
39.99000000000061,8.245209898607586,0.0034446748646996808,0.0019371570284468559,0.0009739843898147872
40.00000000000061,8.249295080334866,0.0034674943764016874,0.0020218639175119094,0.0012178497269643787
40.01000000000061,8.253257175387528,0.003479941745493342,0.002113469002956901,0.0014612113068394176
40.02000000000061,8.257095419757864,0.003481916663792161,0.002211050822949217,0.0017037457723878705
40.030000000000605,8.260810741098139,0.003473445033382688,0.0023137132100813328,0.0019451430253819516
40.0400000000006,8.264404708377253,0.003454592222984712,0.0024203911215038114,0.0021850844399647473
40.0500000000006,8.267875319839716,0.00342549323858359,0.002529754759851011,0.002423236383650205
40.0600000000006,8.27122687395501,0.0033864491870253146,0.0026408536472969043,0.0026593270251284488
40.0700000000006,8.27445746204646,0.0033376963135532977,0.0027521571620584095,0.002893038485357755
40.080000000000595,8.277567075088626,0.0032797050399778704,0.0028625285385912116,0.003124120095041832
40.09000000000059,8.280564839449152,0.0032136618758592545,0.002971176005681656,0.0033523768283967056
40.10000000000059,8.283433784728768,0.0031394951063383873,0.0030758233585018724,0.003577484806566045
40.11000000000059,8.286203334726919,0.0030579846150276466,0.0031775067966911754,0.0037994728679293117
40.12000000000059,8.288844441923514,0.0029693729522402303,0.0032726885909214252,0.004017945978823745
40.130000000000585,8.291367050512923,0.0028747838215798563,0.003362400028132006,0.004232970099507747
40.14000000000058,8.293842848773513,0.002774976745404356,0.0034486486416824887,0.004444675136235585
40.15000000000058,8.29599685084655,0.0026699220455891127,0.003516678995310149,0.0046518407491303836
40.16000000000058,8.298540071305759,0.002562587555979629,0.003606323498396985,0.004857610030867436
40.17000000000058,8.29962042572263,0.0024500174339709743,0.0036144422022735905,0.005054221180219449
40.180000000000575,8.30303857498212,0.00233715334404331,0.003763334649874806,0.00525774960221698
40.19000000000057,8.297480513698813,0.0022297129454640478,0.0034789081160726608,0.005429613779933647
40.20000000000057,8.303203881224647,0.0020955438902740564,0.003941046647177557,0.005646501108644241
40.21000000000057,8.309275103418736,0.0019689149450174692,0.003964742697855013,0.005830754640223063
40.22000000000057,8.298182912876312,0.0019434654521073443,0.003419084464185089,0.005982509800718365
40.230000000000565,8.305936926443842,0.0017412984887627929,0.004079449959804318,0.006195060210579751
40.24000000000056,8.31387998160843,0.00160779097135767,0.004054242992363679,0.006366885258669973
40.25000000000056,8.302196489512577,0.001648073370030066,0.0034633067756917615,0.006513244668271077
40.26000000000056,8.309642911381598,0.001411149608820481,0.004043333967490521,0.006704810677194733
40.27000000000056,8.317887946262946,0.0012833839483903137,0.004007039131182952,0.0068668373816751635
40.280000000000555,8.306314727227171,0.0013674692322902615,0.0034479614393276613,0.0070110057367230175
40.29000000000055,8.313585843984727,0.001108896210690683,0.003924965336925465,0.007182255106629953
40.30000000000055,8.321812664516232,0.0009972194054635925,0.003865578779614702,0.007333892093086143
40.31000000000055,8.310217837084243,0.0011242421583563184,0.003348278173064518,0.0074746556969627394
40.32000000000055,8.317204681944673,0.0008500868410036171,0.003726661642439705,0.007627509571277338
40.330000000000545,8.325390083277984,0.0007542911858529932,0.0036470330038011417,0.007768590481380602
40.34000000000054,8.313748188676202,0.0009229337082418401,0.003172270173594348,0.00790408034946031
40.35000000000054,8.320222267203574,0.0006407774363371053,0.0034537863571237654,0.008040152109306555
40.36000000000054,8.328416136695848,0.0005563184651302366,0.0033600840779574497,0.00817025193286939
40.37000000000054,8.31675618754444,0.0007640227785497786,0.002956137630082233,0.008298240249268393
40.380000000000535,8.322309567363751,0.0004823486781044058,0.003561094200500921,0.008414158483800546
40.39000000000053,8.330684932310641,0.00039711048546590185,0.00400727363899881,0.008520993182500571
40.40000000000053,8.319079345114002,0.0006404645018716941,0.004154660437840013,0.008622208455711124
40.41000000000053,8.321794622948717,0.00039257945622141595,0.004773348550830424,0.008706210070930231
40.42000000000053,8.33096632866125,0.00026608457503843845,0.005222940522534357,0.008783808669087819
40.430000000000526,8.31998590578723,0.0005436860562488528,0.005395929322190874,0.00885902252496211
40.44000000000052,8.313593688809815,0.00044619327764684703,0.005830256659671536,0.008918173896304078
40.45000000000052,8.324168670456203,0.00015763443750442806,0.006290400188652478,0.00896690680481982
40.46000000000052,8.328204523981292,0.00023346658215608385,0.0065461316924127115,0.009013945950813297
40.47000000000052,8.31691952178728,0.00046658785618578364,0.006786268087157555,0.009053974678987735
40.480000000000516,8.324134451646811,0.00013724503055159056,0.0071216057238993186,0.009080270501737372
40.490000000000514,8.330798317950704,0.0001392837569331415,0.007335560551598564,0.00910484621525533
40.50000000000051,8.318914502948308,0.0004499150795917592,0.007554777959247225,0.009123671976372141
40.51000000000051,8.3113181313695,0.00036949198468193175,0.007749772446504578,0.009127648610303494
40.52000000000051,8.322006338196594,3.7796419967981766e-05,0.007817268266423524,0.009145408947324423
40.530000000000506,8.315543425957094,0.0003421466361517306,0.008000886751921236,0.009126741941414973
40.540000000000504,8.306021406399688,0.0003807033145279556,0.00811408313406901,0.009143199603704088
40.5500000000005,8.316570933696667,-4.372898818468247e-06,0.007962829178431895,0.00903487233246045
40.5600000000005,8.321811474906017,8.548338783558217e-05,0.007986417817093708,0.009114958768998179
40.5700000000005,8.310138108629541,0.00040232158965985987,0.008155848191509479,0.009168203142833406
40.580000000000496,8.303562957927552,0.00031052089398099573,0.008011775242417482,0.008963159077063614
40.590000000000494,8.314192806627673,-2.76268706767084e-05,0.007597116526115515,0.009105099704756718
40.60000000000049,8.306045037299626,0.000350558704203891,0.00776029939830663,0.009189046822360415
40.61000000000049,8.297318596307363,0.0003369244391983966,0.007580638653154892,0.008968818452781406
40.62000000000049,8.308240079328483,-6.977640500768829e-05,0.006902303145233528,0.008940034446829767
40.630000000000486,8.301819718075219,0.0002993524863093592,0.007033288113235678,0.009097586896481796
40.640000000000484,8.292688663794868,0.0003281288398825336,0.006808743331128164,0.008949391498250527
40.65000000000048,8.3035842130598,-0.00010096360075164194,0.005911675982321521,0.008888924610926559
40.66000000000048,8.297142562175098,0.0002848788275577546,0.006060698697687971,0.009062303850332307
40.67000000000048,8.288313127975464,0.00030101095960405897,0.005765301363256315,0.00901645471767089
40.680000000000476,8.299411113100932,-0.00013569207959041868,0.004687912743141745,0.008929462565282277
40.690000000000474,8.292591211331965,0.00027291429787516304,0.004902856921487238,0.00906952686007747
40.70000000000047,8.284107570161176,0.00026597098702842365,0.004545835999456911,0.008985802509383236
40.71000000000047,8.295464612563798,-0.00017290893935645123,0.0033311308700308753,0.008930904148221157
40.72000000000047,8.288388911693039,0.0002511802436919579,0.00364369558911934,0.009063764688297825
40.730000000000466,8.280138500419229,0.0002256101982550554,0.003261447589578873,0.008942718875529342
40.740000000000464,8.291685769953528,-0.00020985328950373855,0.0019637706198937857,0.00890879248962482
40.75000000000046,8.28445865205998,0.00021938577357905615,0.00238800318758703,0.009026631505262001
40.76000000000046,8.276346397259717,0.0001794258723807718,0.002019689238369725,0.0088847367259224
40.77000000000046,8.28797932399886,-0.00024389136239726287,0.0007082596630102559,0.008851628164821003
40.780000000000456,8.280645501652895,0.00017719813604987944,0.0012365420842938171,0.008942222641685359
40.790000000000454,8.272588306388611,0.00012742325809794454,0.0009146943681452276,0.008783135242647046
40.80000000000045,8.28417565188456,-0.00027178128574152215,-0.0003357590624254392,0.008739262017216821
40.81000000000045,8.276745047500654,0.00012222486585678816,0.0002649729106891819,0.00879091937141032
40.82000000000045,8.268666676188566,7.052148689022971e-05,9.839117875719858e-06,0.008619355595865285
40.830000000000446,8.280051375966236,-0.00029010636231430924,-0.001116565039661086,0.00855807451840607
40.840000000000444,8.272518819236758,5.5496894227312205e-05,-0.0004957143083278138,0.008389575873540679
40.85000000000044,8.264354259460623,1.657236811041048e-05,-0.000675745835993309,0.008286903365104613
40.86000000000044,8.275354713542303,-0.0002955744235813648,-0.001637490256676886,0.008262371206436343
40.87000000000044,8.267717124492249,-4.9794794518355456e-05,-0.0010363558566758425,0.008068115247385033
40.880000000000436,8.259419806881192,-2.7949050643884888e-05,-0.0011496171820189777,0.007962061823069
40.890000000000434,8.26982269537583,-0.0002930324824966541,-0.0019361001334888134,0.007931471554710696
40.90000000000043,8.262095715670338,-0.00021613515171772058,-0.0013895500192632965,0.00773179168145815
40.91000000000043,8.25364645826254,-1.825668736058167e-05,-0.001447781193745785,0.007611071833677775
40.92000000000043,8.263173994279201,-0.0002979494947289346,-0.002083642127268433,0.007559982027397171
40.930000000000426,8.255412324128688,-0.000516424740233607,-0.0015957560534420306,0.007355474531875179
40.940000000000424,8.246833230578543,0.0001469132783001311,-0.0016100503221003841,0.0072186583708707674
40.95000000000042,8.255010172358448,-0.0003333121003052004,-0.0022149242935636743,0.007155247300711537
40.96000000000042,8.247352778574605,-0.0025283032972089965,-0.001721331748396965,0.00693626643800302
40.97000000000042,8.238738031228742,0.0007935384574246708,-0.001691590966383648,0.006791524956680195
40.980000000000416,8.238518967876878,0.0006646554119675795,-0.0020337890594565797,0.006677398402350612
40.990000000000414,8.232449543493862,0.00024183742792923478,-0.0018398686706365135,0.00648048175697704
41.00000000000041,8.225884382328566,-0.0003405805701802561,-0.0018696322151692574,0.006319256989450983
41.01000000000041,8.233954585788329,-0.00021297008523402499,-0.002594536412082866,0.006259770123489434
41.02000000000041,8.2257816771968,-0.0030401174612461387,-0.0019281370453418138,0.005990230092377458
41.030000000000406,8.21695184731276,0.0010795155264922386,-0.0018943952393728777,0.005821417073146996
41.040000000000404,8.222738160958247,0.00048418839982848253,-0.0026443598314087992,0.005749482390907348
41.0500000000004,8.214962450818058,-0.002585495556557145,-0.002032763432802694,0.0054718592542117115
41.0600000000004,8.206143570151323,0.0011258282533569686,-0.0019742746712287686,0.005288681183435168
41.0700000000004,8.201996845141887,0.0008181179777383553,-0.002210748183059054,0.005133577275857691
41.080000000000396,8.196672518580092,-0.0026916940122586348,-0.0022194857370427365,0.004940810321963925
41.090000000000394,8.190226338733527,0.0010383350398281619,-0.002134342898849635,0.004745379006815969
41.10000000000039,8.185632062906711,0.00033781141371861333,-0.0022739015809514268,0.004570176905273133
41.11000000000039,8.180297820020696,-0.0025964886741457077,-0.0023134409995064576,0.004378385289808108
41.12000000000039,8.17457133215423,0.0007819618536289337,-0.0022642524617118138,0.004181330610366338
41.130000000000386,8.169833050383584,-0.00010142269205321529,-0.00235801699742148,0.003994986437367501
41.140000000000384,8.16432037328008,-0.0024544196765492886,-0.0023815459616385558,0.0037978216576557253
41.15000000000038,8.158770441975461,0.0005875652455860235,-0.0023464848935714467,0.003597387509525265
41.16000000000038,8.153744350478979,-0.0020730214940314923,-0.0024448422836979163,0.0034088522108363215
41.17000000000038,8.148009793411518,0.0005179351879972163,-0.0023694249362117103,0.0031978328315196017
41.180000000000376,8.142389411687637,-0.0019826594472412795,-0.002448276682311929,0.0030044263795239953
41.190000000000374,8.136996697554476,0.0003751117244698781,-0.002424651238063033,0.0027988379961229144
41.20000000000037,8.131053998843193,-0.002056963275149805,-0.002462917310091541,0.0025972567789925315
41.21000000000037,8.12524128870111,0.00026094886417430785,-0.0024438182379397017,0.002390483745834911
41.22000000000037,8.119464758611224,-0.0020469330540374307,-0.0025059585931230936,0.002191735183326199
41.230000000000366,8.11330809123199,-0.001486589358910743,-0.0025017082896877946,0.00198606822980051
41.240000000000364,8.107220871261857,0.0007424743823520165,-0.0024806665038065922,0.0017765281722505997
41.25000000000036,8.10108300409657,-0.002246638472296289,-0.0025535253350796234,0.0015779557638351742
41.26000000000036,8.094712326785908,-0.0014352865776253998,-0.0025627246725991497,0.0013743254233322835
41.27000000000036,8.088338966955295,0.00046329045200239644,-0.002540915040792379,0.0011649967384534524
41.280000000000356,8.081884770929875,-0.0021600429323590537,-0.002616322140766383,0.0009687410496108031
41.290000000000354,8.075287151296232,-0.0019164050264426234,-0.002641652125290269,0.0007688484311513622
41.30000000000035,8.068633814130644,0.0007823340932903488,-0.0026028101405503935,0.0005592950657027488
41.31000000000035,8.061898641016398,-0.002429067057542087,-0.0027037990447356217,0.0003697048903492846
41.32000000000035,8.055072757610382,-0.0021565238048163195,-0.0027114588702527266,0.00017014870689751086
41.33000000000035,8.048159385139014,0.0006759162430106428,-0.0027081070568677292,-3.0013525415819805e-05
41.340000000000344,8.041169437036523,-0.0025020739344137686,-0.00274879766245177,-0.00022463566656118477
41.35000000000034,8.034119143130164,-0.0022777381318418925,-0.002910372036506663,-0.0003952684148040056
41.36000000000034,8.026967841351198,-0.0015037960882703881,-0.0025422039455491605,-0.0006485492162026978
41.37000000000034,8.01973324586737,-0.0015209580577662044,-0.0056500607527529435,-0.0003494484038501763
41.38000000000034,8.012403405637324,-0.0012448632696215156,-0.0012972049517170224,-0.001232118638214901
41.390000000000335,8.00497086673369,-0.00152770477369806,-0.0013699292027174628,-0.0014081572547439752
41.40000000000033,7.997547630448327,-0.0012701587229971374,-0.005905995013275161,-0.0008804255509301607
41.41000000000033,7.990047712421867,-0.0015856783587726631,-0.0007198207880533603,-0.0018799184635960942
41.42000000000033,7.982424978959814,-0.0013962020133947157,-0.0019498131465983332,-0.0018667237544515035
41.43000000000033,7.97484817491551,-0.0015933808219030848,-0.005102840267460141,-0.0015541006163267632
41.440000000000325,7.967207070726304,-0.001541729645483057,-0.0008043991852816586,-0.002396965468649174
41.45000000000032,7.959451603740999,-0.0016162638648779845,-0.004804862248594439,-0.0019512262779880255
41.46000000000032,7.951714628153968,-0.0016395810496034418,-0.0005256276135258999,-0.0027772988876098668
41.47000000000032,7.943937899208501,-0.0016752243070034176,-0.004808260765837371,-0.0022875449629622944
41.48000000000032,7.936100418094352,-0.001712928027323411,-0.0005092927187194538,-0.003102901518273872
41.490000000000315,7.9282630037581425,-0.001738934679375889,-0.0046605241169078515,-0.0026332997995020604
41.50000000000031,7.9204000984081295,-0.001774377609408382,-0.0034415754367025575,-0.002973542260245372
41.51000000000031,7.912456223601708,-0.0017895112781947406,-0.00029283099960033664,-0.00359362206725797
41.52000000000031,7.90452685604942,-0.0018210807167573226,-0.003924604426110351,-0.0031993555212359325
41.53000000000031,7.896634491027276,-0.0018428316538251699,-0.003920766103865859,-0.0033453288749953876
41.540000000000305,7.888643587919874,-0.0018520974555581524,0.0004865036068469182,-0.00412796472175838
41.5500000000003,7.880677163789,-0.0018754597039305455,-0.004232364053460027,-0.0035750716403641974
41.5600000000003,7.872789619054789,-0.0018885009287290533,-0.003800523238046908,-0.0037703140165187532
41.5700000000003,7.86478846667547,-0.0018937895306611612,-0.0024947227231909255,-0.0040876153937638385
41.5800000000003,7.856772500303562,-0.001899308787919878,-0.002960310242330083,-0.0041428981565532945
41.590000000000295,7.848829388661546,-0.00189966463990693,-0.0015484936658414264,-0.004455723967951464
41.60000000000029,7.840849595793521,-0.0019036287274362303,-0.0037094634232471588,-0.00427090776063977
41.61000000000029,7.832888073160621,-0.001900059032508533,-0.003312698263140306,-0.0044373267645791
41.62000000000029,7.824938154116997,-0.0018925409028751224,-0.0032111490537405567,-0.004559537543091928
41.63000000000029,7.816949134321398,-0.0018836705491470382,-0.003907578024750518,-0.004567346484164625
41.640000000000285,7.808980657142296,-0.001870357065474829,-0.0035383077367815118,-0.00471680826107094
41.65000000000028,7.801002342455214,-0.0018553816353144156,-0.0042336380597174,-0.004722790936322273
41.66000000000028,7.792993999806893,-0.0018364376405813599,-0.004087383536769757,-0.004831116415836988
41.67000000000028,7.78499299481626,-0.0018155543519220083,-0.004463213039270504,-0.004875141814322605
41.68000000000028,7.776967432682062,-0.0017913538143293367,-0.004532094826473841,-0.0049484566390589685
41.690000000000275,7.768916305996216,-0.0017647662036705011,-0.004743196307918543,-0.005003925727190024
41.70000000000027,7.7608625225413075,-0.0017355395536861684,-0.004873608876900189,-0.00506847926873993
41.71000000000027,7.752775907195735,-0.00170484663604301,-0.005021300778137,-0.00511161723075273
41.72000000000027,7.74466847203104,-0.0016697657588603313,-0.005144923782600387,-0.0051864313458028855
41.73000000000027,7.7365526482042375,-0.0017486649032246485,-0.0052540451762506475,-0.00510863153141072
41.740000000000265,7.728399249853179,-0.0019261179860276402,-0.005352639162684258,-0.005243832577223248
41.75000000000026,7.72023357374233,-0.0021013987676532925,-0.005435512948506883,-0.005368774512069074
41.76000000000026,7.712050467996733,-0.0022941844618359244,-0.005491741848399526,-0.00520998483075607
41.77000000000026,7.703828338983628,-0.002452312420741474,-0.005538890882360201,-0.005385719895314888
41.78000000000026,7.695607724573455,-0.002605517675781145,-0.005568102685490593,-0.0055475962952196605
41.790000000000255,7.687357826876225,-0.0027787191172867895,-0.005566808727376841,-0.00538215245724332
41.80000000000025,7.6790846727623325,-0.0029191735809151525,-0.00555525830848278,-0.005550214255388478
41.81000000000025,7.670832318015023,-0.0030532214894842414,-0.005524820176777968,-0.005720904243791764
41.82000000000025,7.662532280515907,-0.0032058367945700292,-0.0054618990835329315,-0.0055587396521148075
41.83000000000025,7.654262764083602,-0.003327545741290109,-0.005390525974755819,-0.005712013799457848
41.840000000000245,7.6460097792469925,-0.0034388274854423215,-0.005297733123267203,-0.005887017513822702
41.85000000000024,7.637702033968934,-0.003566276229892858,-0.00517426001541632,-0.005725936395683563
41.86000000000024,7.62954351696665,-0.0036750090762019175,-0.005043903124850918,-0.0057047329326030795
41.87000000000024,7.621271839880696,-0.0037515564970519062,-0.004888234786954361,-0.00593711376734649
41.88000000000024,7.613113240920954,-0.003842124595861179,-0.00471928100087713,-0.005848811312423666
41.890000000000235,7.605143860824003,-0.00391860134739603,-0.004535535395709655,-0.005778678332035293
41.90000000000023,7.596765926238861,-0.003957292568461648,-0.004319487582058232,-0.0060272971074228805
41.91000000000023,7.589420530459956,-0.0039967390522884835,-0.004145986286114636,-0.006149356717698788
41.92000000000023,7.580844419968142,-0.00403350071470677,-0.003861965183190769,-0.005996176598874271
41.93000000000023,7.573282713909859,-0.004045169070557173,-0.003665436117406242,-0.0060951915644293945
41.940000000000225,7.568923009375195,-0.004028260034208377,-0.003530984191586466,-0.006267857427493287
41.95000000000022,7.558125949608517,-0.004036264465641601,-0.0030518943025369563,-0.006112989991445503
41.96000000000022,7.5501565730168565,-0.0040082096474312314,-0.0028919876983707865,-0.0059959536706104336
41.97000000000022,7.554620468441406,-0.0038728829913447092,-0.0030053675927742126,-0.006200962494499635
41.98000000000022,7.54146963318694,-0.003924505515650119,-0.002208268000223954,-0.006107922191927915
41.990000000000215,7.528881264474511,-0.003870315737274368,-0.001996837562942232,-0.0059770252661816735
42.00000000000021,7.535642218224628,-0.003561173393381148,-0.002214089443943533,-0.006163169220088827
42.01000000000021,7.523020979883823,-0.003657404697724925,-0.0014322722109966026,-0.006050820000576724
42.02000000000021,7.5099778179167505,-0.00357946184112018,-0.0012247838774099705,-0.005910081454027662
42.03000000000021,7.516696950516025,-0.003153305447274967,-0.0014034198118539464,-0.006087528754594975
42.040000000000205,7.504499252429895,-0.0032901573259614056,-0.0007360739254569486,-0.005944711745672193
42.0500000000002,7.491824382060719,-0.0031760741256580054,-0.0005446029073928655,-0.005787785620680301
42.0600000000002,7.498910985823982,-0.0026481667796014194,-0.0006788111192675507,-0.005952494556924077
42.0700000000002,7.487170900597022,-0.002837623183727177,-0.00012763384527730024,-0.00578135458509209
42.0800000000002,7.47499164510224,-0.0026960425949323795,3.738101585703264e-05,-0.0056066043426666315
42.090000000000195,7.482661045967625,-0.002080778044537213,-5.810673048455145e-05,-0.005754061537270652
42.10000000000019,7.471516758826338,-0.002329695038573048,0.0003791627826840256,-0.005559538819744929
42.11000000000019,7.459915919066252,-0.002173849432543743,0.0005142862867431126,-0.005368472075442466
42.12000000000019,7.468247087866699,-0.0014922458448124185,0.0004527051826115322,-0.0054938912451492974
42.13000000000019,7.457818427288044,-0.001802343927659821,0.0007824075717724934,-0.005283349728606115
42.140000000000185,7.446844750777707,-0.0016462115581073007,0.0008877076797324306,-0.005079592864668899
42.15000000000018,7.455850873684325,-0.0009226495354784757,0.0008557416016184791,-0.005173683135914482
42.16000000000018,7.446249347814367,-0.0012892059527935774,0.0010888901596706087,-0.004957815869375924
42.17000000000018,7.435909808500151,-0.0011463903276329106,0.0011668003154505831,-0.0047476667096256475
42.18000000000018,7.445561809649552,-0.0004085767429369387,0.0011584923046710082,-0.004659409899574943
42.190000000000175,7.436914871701528,-0.0008184267699439524,0.0013098570867132876,-0.0045042478762126435
42.20000000000017,7.42716506855181,-0.0007008369144964352,0.00136473944637918,-0.004345437860640613
42.21000000000017,7.437405301085735,3.5458879415216916e-05,0.0013774165649212786,-0.004244824926037058
42.22000000000017,7.429907369892768,-0.0004011804505087264,0.001461862072185248,-0.004095525794820396
42.23000000000017,7.420625941798909,-0.00032504905083362154,0.00149661437476639,-0.003954872513413542
42.240000000000165,7.43137006605167,0.0003949960778694581,0.0015260568651666005,-0.0038517658748655078
42.25000000000016,7.425465999906953,-3.942805853583044e-05,0.001558973830550077,-0.003702212012756246
42.26000000000016,7.416381606935959,-2.9877324089576863e-05,0.0015750031080189826,-0.0035659381576964157
42.27000000000016,7.427472914344503,0.0006671803858839992,0.001616667261546556,-0.0034579590421911525
42.28000000000016,7.4316387480825625,0.0005284444933169852,0.0016274181387085688,-0.003305892938483643
42.290000000000155,7.421182677621945,0.00015509736401441026,0.001613700314856985,-0.0031679803481307733
42.30000000000015,7.428132150924286,0.0007438883491670202,0.0016773717403187236,-0.0030508629644022335
42.31000000000015,7.435851572557557,0.0007884591190626146,0.001712870651786059,-0.002895432159659373
42.32000000000015,7.425191723928311,0.0002846502453923087,0.0016737611985413001,-0.0027553588992495536
42.33000000000015,7.418072427293553,0.0004155676988773818,0.0017141754650287387,-0.0026304987772978235
42.340000000000146,7.4302040282071165,0.0009941949270645413,0.001850537859013257,-0.0024673696028851525
42.35000000000014,7.425931155712541,0.0005552072378848082,0.0017991946543590035,-0.002324744240502061
42.36000000000014,7.417650325287285,0.0004998326347281588,0.0018081024875436034,-0.002190379112376125
42.37000000000014,7.429779076747373,0.0010745992953244447,0.0020022395476285773,-0.00202205031339282
42.38000000000014,7.438386125226886,0.0010081217351099751,0.0020312258803224107,-0.0018674738002639607
42.390000000000136,7.428229068280752,0.0005306774629172191,0.001912906485696908,-0.0017380620267091848
42.400000000000134,7.427085012834037,0.0007458346712225563,0.0020403791517620722,-0.001578204123724771
42.41000000000013,7.43917601106296,0.0010643027155776091,0.0022352447312120652,-0.001403727161990189
42.42000000000013,7.432585740359689,0.0006026341997032437,0.002074311604465685,-0.0012753917685241177
42.43000000000013,7.4292617289332545,0.0007261597823693811,0.002157941716606662,-0.0011184280207267906
42.440000000000126,7.4419322227803715,0.00107477572876651,0.0024227304837973742,-0.000933804213455961
42.450000000000124,7.4501495046956645,0.0010339893900014202,0.002422384971917169,-0.0007813508190029923
42.46000000000012,7.441146704703256,0.0006241610318426156,0.0022171449210865663,-0.0006620824206205795
42.47000000000012,7.4511986283807445,0.0010162034031388355,0.0025639109788735074,-0.00046497144746007014
42.48000000000012,7.461620528182356,0.0009937304501644697,0.002623512314656165,-0.0003056114254566976
42.490000000000116,7.452449632864154,0.0006297141973890957,0.0023261169100775906,-0.00020116543647337725
42.500000000000114,7.460949377738186,0.0009373543485571563,0.002688416626676099,-3.222733814102572e-07
42.51000000000011,7.472068840031465,0.0009601648503439197,0.002782927468403961,0.00016219675860172942
42.52000000000011,7.463229211548772,0.0006749199457796126,0.002421413644362911,0.000252915786816239
42.53000000000011,7.471769999568537,0.0008782718263260926,0.0028152057615932163,0.00045966245000705875
42.540000000000106,7.483061934625384,0.00092947802679171,0.002910506487904038,0.0006198012814975425
42.550000000000104,7.474444313586859,0.0007746423828673472,0.002494244698112657,0.0006966142777453517
42.5600000000001,7.483635445245129,0.0007774386540550804,0.002931989596402584,0.0009108953993391198
42.5700000000001,7.494991616351007,0.0009189786414305799,0.0030107511603238426,0.001064855582897319
42.5800000000001,7.486523281360676,0.001017884045639248,0.002543326282539716,0.001127025121734332
42.590000000000096,7.496380361200424,0.0005691653453601717,0.003023836354995373,0.0013485065842764087
42.600000000000094,7.507865306170598,0.0008920934492512133,0.0030843159430187224,0.0014942091653954962
42.61000000000009,7.499570514280041,0.004162206697797019,0.0025855058044436537,0.0015436186235785131
42.62000000000009,7.50997412690667,-2.0280360252233863e-06,0.003083093724425335,0.0017824655170783261
42.63000000000009,7.521602982515544,6.389336350377856e-05,0.0031208054693011534,0.0019159360141949157
42.640000000000086,7.5134893615894605,0.00019618586704329367,0.002549936786596494,0.0019315847366431662
42.650000000000084,7.5243892681182585,0.00039271342132293714,0.0031221886169288137,0.002166759506752941
42.66000000000008,7.536283155285134,0.000906846399596685,0.0031494133189349104,0.002296753010010102
42.67000000000008,7.528448080571821,0.003952816880368206,0.0025516805850494227,0.0023089673872888567
42.68000000000008,7.539727604419652,-0.0003218378733452154,0.0031195037893768356,0.0025513300655385642
42.690000000000076,7.551815253865634,-4.8221411457202604e-05,0.0031267030933046793,0.002665177916175558
42.700000000000074,7.5442583157833685,0.0037223889911643837,0.0024957998141712625,0.0026494456254492716
42.71000000000007,7.555861801263471,-0.0006405314045821379,0.003091952193304059,0.0028995151747370773
42.72000000000007,7.5681713819091065,-0.0002430946731663335,0.0030861202771755563,0.003002401032311732
42.73000000000007,7.560961950431964,0.0037376712344140512,0.0024188029125461826,0.002953405759149336
42.740000000000066,7.572822595684679,-0.0008147994952523132,0.0030374059814442527,0.0032144721556484545
42.750000000000064,7.585339732043926,-0.00018799072644470582,0.0030211731302211948,0.0033112496267444836
42.76000000000006,7.578547247054176,0.003710974720374958,0.0023268059836893226,0.0030852445018665835
42.77000000000006,7.590596427785089,-0.0008675717383217443,0.0029603974235160218,0.003404110558336267
42.78000000000006,7.603290533831559,0.00015684929268256352,0.002933603188808702,0.003569660838797322
42.790000000000056,7.59699705731139,0.003417199651188067,0.002205986750201701,0.0033044327982028917
42.800000000000054,7.609157315112492,-0.0008303839401354589,0.002852267334513245,0.003630898757343447
42.81000000000005,7.621985015347236,0.0031663197664660277,0.002850026294930467,0.003813495524573203
42.82000000000005,7.616282917079054,0.001625057004725434,0.0020486424787574697,0.0035631990273534116
42.83000000000005,7.6284323516277714,-0.0012374697706262299,0.0027075725010216422,0.0038724372731265963
42.840000000000046,7.641320374769534,-1.2547098275950171e-05,0.0026626427426939265,0.004035002785961655
42.850000000000044,7.636449192928238,0.0031586686232036843,0.0019132422989050768,0.0037771151542246827
42.86000000000004,7.648544321196243,-0.0007433175527727791,0.0025473048539195017,0.004080577615485774
42.87000000000004,7.661432587182288,0.003471964159597826,0.00253160268933567,0.00424361939109135
42.88000000000004,7.657631924135069,0.002138764029314051,0.0017447306331797984,0.003970234613729247
42.890000000000036,7.669459126865829,-0.0014451622389872636,0.0023403165524492446,0.00425604292990571
42.900000000000034,7.682188200174367,0.0029420986201432217,0.002321590515181409,0.004406218147041061
42.91000000000003,7.680913180803146,0.002131631732074053,0.0016346203841773623,0.0041298881129187585
42.92000000000003,7.692071392975411,-0.0015231012409415527,0.002097608059099517,0.004383761140544391
42.93000000000003,7.704162772643492,0.003051865465051787,0.0020751124171586146,0.00452418159069433
42.940000000000026,7.708549733649323,0.0023082006407550855,0.0016612871464958816,0.004278891540508416
42.950000000000024,7.718752211056165,-0.0013201658290307077,0.0018172720368699593,0.004467274242092004
42.96000000000002,7.729098259754523,0.0030523452013099597,0.0017599725593370314,0.004591799618521497
42.97000000000002,7.724758734054086,0.001999002853389166,0.0009826345675971791,0.004268578723515144
42.98000000000002,7.736742605375305,-0.0011223738984543746,0.0018530125338557895,0.004565588619700688
42.990000000000016,7.7492788721057435,0.003088803914070188,0.0020653816193525053,0.004725364379128625
43.000000000000014,7.746792310490831,0.002465440656573686,0.0015843194448689098,0.00444143815307321
43.01000000000001,7.75811785611947,-0.00039719472868337603,0.0024388245167561696,0.0047121358081029276
43.02000000000001,7.770390941393329,0.0027481664316791154,0.0026017210293878285,0.004853698811284384
43.03000000000001,7.777708499164231,0.0026616157846837806,0.002606973648797624,0.00464076258091725
43.040000000000006,7.786160533422255,0.0019339707391287117,0.0028082410202063873,0.004757133038915683
43.050000000000004,7.795604100318619,0.001565530647597097,0.0029066792704390125,0.004895008254479619
43.06,7.802809582218864,0.0017856679736401341,0.0029045280371957417,0.0046725700726812005
43.07,7.810897036486048,0.0012573462720042326,0.0030443292248901366,0.004567178332838819
43.08,7.819111880210315,0.0018041707442007298,0.0031006191896225657,0.004754943204501541
43.089999999999996,7.825843879120648,0.0014686619444850002,0.0031027427278523,0.0046306002438171135
43.099999999999994,7.8337027654378,0.0016558882505672266,0.0032205621133770913,0.004482893245039455
43.10999999999999,7.8411474395232625,0.0016215440095869364,0.0032131920184858926,0.004655354425351855
43.11999999999999,7.84753664704966,0.0017110150612161938,0.0032059913490161936,0.004677711020980908
43.12999999999999,7.855125284678524,0.0016774342116503789,0.00326534893866589,0.004470952109107483
43.139999999999986,7.86197046611308,0.0017678309470089007,0.0032124700511322354,0.004537911420535988
43.149999999999984,7.868161157966415,0.0017850645989359022,0.003183618546745974,0.004600931853490353
43.15999999999998,7.8753705544647685,0.0018028774619410564,0.003157801745101039,0.0043602333357372
43.16999999999998,7.881700399202292,0.0018302129274408241,0.0030852350428148276,0.004174229515286738
43.17999999999998,7.887770777239536,0.0018732993829390326,0.003011681461953135,0.0043182852825964565
43.189999999999976,7.894507952563124,0.0018903349031210086,0.0028881136053092835,0.004107174877847691
43.199999999999974,7.900390849079263,0.0019046036229978447,0.002824995171291219,0.003910625773066175
43.20999999999997,7.9063380169054085,0.0019490139709197045,0.0026445421158362856,0.004029143738711969
43.21999999999997,7.91257185578979,0.001960551735284155,0.002495757146488089,0.0038158831728334593
43.22999999999997,7.9180852192217355,0.001966030400362507,0.002438871909832355,0.003619203571139823
43.23999999999997,7.923856286221269,0.0020072584381415973,0.002048954545508622,0.003700922366195772
43.249999999999964,7.92961450802541,0.002010015065225732,0.002206190741128461,0.003524432860387298
43.25999999999996,7.934835566882379,0.00200976708164579,0.0015149853075695115,0.0032363563223552667
43.26999999999996,7.940376330596804,0.002040910397343281,0.004446919806963146,0.0037493864332610815
43.27999999999996,7.945680700656672,0.0020371384075436676,4.7651466436888416e-05,0.0029575207503026576
43.28999999999996,7.950605670006382,0.0020298036922965727,-0.0001868148883503406,0.0027322294526716108
43.299999999999955,7.9558921599852415,0.002051230881981234,0.0034472109735234997,0.0033054672800775352
43.30999999999995,7.960869285186058,0.0020397518112594574,-0.0009853695604902153,0.002530819729232551
43.31999999999995,7.965598995682495,0.0021009037935194493,-0.0010567208751988575,0.002324252650564127
43.32999999999995,7.970667644595411,0.0022496092394944972,0.002898783201766699,0.002731895519025864
43.33999999999995,7.97538795454734,0.002387908112044924,-0.001930877331845699,0.0019958043718243347
43.349999999999945,7.979970389182261,0.00252389215101964,0.0012404350940283138,0.0022313511465328873
43.35999999999994,7.984800834710922,0.002669931908291006,-0.0022290315714278953,0.0017240306351810968
43.36999999999994,7.989281834611841,0.0027963914153312374,0.0005360936104126719,0.0019127053513149897
43.37999999999994,7.993783266328101,0.0029335998859990127,-0.0024986530807849707,0.001433220461830017
43.38999999999994,7.998409122015456,0.0030646250305891723,-5.3971205424701686e-05,0.0015994320300950391
43.399999999999935,8.002707145092623,0.003189915050673923,-0.0026041688100718365,0.0011902046554686562
43.40999999999993,8.007146376359387,0.003316642091056987,-0.0008373133715568426,0.0012544127016142473
43.41999999999993,8.011574670930807,0.003438400197607694,-0.0012604757687598887,0.0010878369204473579
43.42999999999993,8.015720289619473,0.0035538993837370258,-0.004083729407417617,0.0006601739337192339
43.43999999999993,8.020098273286997,0.0036689587261808914,-0.0012905143384991321,0.0008244435994773542
43.449999999999925,8.024366919888138,0.0037752085750470793,-0.0016298056651427213,0.0006576504171609812
43.45999999999992,8.028414377523564,0.0038758085037475676,-0.005131506727770859,0.00017407028256810966
43.46999999999992,8.032743741726964,0.003972781604958872,-0.0015886230302573166,0.00039056803532035915
43.47999999999992,8.036858880873156,0.004057966792745061,-0.0019316930135582638,0.000217290751845756
43.48999999999992,8.040858268984445,0.004136815205403702,-0.0027913070458146674,-1.2688066234184327e-05
43.499999999999915,8.045093583766116,0.00420881488543152,-0.0028882151164324214,-0.00016085242193565402
43.50999999999991,8.04897858253214,0.004266669013495388,-0.0035931031387763882,-0.00036280709473120057
43.51999999999991,8.052998964229118,0.004318231148671414,-0.003318889988885243,-0.0004861731750192326
43.52999999999991,8.057129044825142,0.00435726099029182,-0.00399388486377186,-0.0006866755162688
43.53999999999991,8.06081758274432,0.004383392960839298,-0.0037537647411088116,-0.0008136300671649192
43.549999999999905,8.064996602937127,0.004400872303493789,-0.004202372324956177,-0.0009942418160444567
43.5599999999999,8.068900757630926,0.004402619081837575,-0.004179469786047087,-0.0011402967305802361
43.5699999999999,8.07251444597867,0.004393920598574205,-0.004377435171438445,-0.0013014827278332443
43.5799999999999,8.076908840230262,0.00437060192839773,-0.0044653426172710595,-0.0014552037584459796
43.5899999999999,8.080301239876633,0.004336408822200455,-0.004549885040306125,-0.0016084836846461449
43.599999999999895,8.084362307495416,0.00428738729515601,-0.004605138250514958,-0.001759885060549476
43.60999999999989,8.088667752125229,0.004223615908278528,-0.004650928255466132,-0.0019106021928063084
43.61999999999989,8.090644869787639,0.004164017223673157,-0.004745968169146553,-0.0020633649263101165
43.62999999999989,8.096248178560774,0.004054377628754396,-0.004634151226809511,-0.0022059362144135485
43.63999999999989,8.100206108523004,0.003967051335094542,-0.004687300214696661,-0.0023563146434107305
43.649999999999885,8.093143361273288,0.003968754798519647,-0.005128238630432936,-0.002519884262420533
43.65999999999988,8.101777714813938,0.0036873604630400054,-0.004509619286339921,-0.0026433736440859283
43.66999999999988,8.11035040086676,0.0035488002504489476,-0.004420357652617341,-0.0027885732531815447
43.67999999999988,8.100611631736395,0.0036670858020367053,-0.004986708722058793,-0.0029506357936884605
43.68999999999988,8.109891923265941,0.003260142976877409,-0.00422161504934813,-0.003077939293915895
43.699999999999875,8.119736398940333,0.003086463053980335,-0.004193088022675565,-0.0032244703432150134
43.70999999999987,8.110956010671389,0.0032490516029443427,-0.004736993653768035,-0.003377646435591782
43.71999999999987,8.120266724792518,0.002775346977621639,-0.003925768844813609,-0.0035129817999945173
43.72999999999987,8.130300458403774,0.0025907963135397183,-0.003892262353438635,-0.00365829641270383
43.73999999999987,8.122019566333758,0.0027948234601721366,-0.0044732564942893595,-0.0038021819233806354
43.749999999999865,8.131458957456951,0.002265258115414593,-0.0036177846662862737,-0.003945742028488576
43.75999999999986,8.141596855261477,0.00208193198644666,-0.0035686328597818503,-0.004088675898998268
43.76999999999986,8.133332795913157,0.002337723316055965,-0.004185589716265534,-0.004221014833815208
43.77999999999986,8.142908332270304,0.0017578531520630603,-0.003299587489056277,-0.004372582067612501
43.78999999999986,8.15313041233809,0.0015856306807834704,-0.0032427105447197587,-0.004511826597130489
43.799999999999855,8.144675905875031,0.0018995026401312728,-0.0038885356715255607,-0.004630302269299198
43.80999999999985,8.154343563494846,0.0012800762392432287,-0.002987530089537113,-0.004788581251215556
43.81999999999985,8.164608590520288,0.0011262125394122006,-0.0029291781818720298,-0.004922347978269973
43.82999999999985,8.155886438209304,0.0014980057950834155,-0.003594878904837241,-0.005024954681534226
43.83999999999985,8.165583715403292,0.0008511916117488219,-0.0026939707410011384,-0.005187688431517058
43.849999999999845,8.175839957387172,0.0007200800806456248,-0.002637533869896232,-0.005313947043049906
43.85999999999984,8.166826933213095,0.001144858998777856,-0.00331234885500053,-0.00539921341567499
43.86999999999984,8.176483031812962,0.0004823893522140174,-0.0024249041618225257,-0.005563423786281496
43.87999999999984,8.186678013987457,0.00037558788116472336,-0.002371339539867988,-0.0056801915679209935
43.88999999999984,8.177374829939094,0.0008452503228837294,-0.0030435674487328005,-0.005747354637228783
43.899999999999835,8.186914412023379,0.00017742582565716134,-0.002180956545855634,-0.005909551047430329
43.90999999999983,8.197000546021524,9.405328488086228e-05,-0.0021293504161636737,-0.006015161910439811
43.91999999999983,8.187420146918418,0.0005986974000100769,-0.002787172069800847,-0.006064274907270282
43.92999999999983,8.196764378372396,-6.585816990424259e-05,-0.001959102958627212,-0.00622043697162184
43.93999999999983,8.206703268600469,-0.00012856673909311032,-0.0019073365012990044,-0.006313955882048967
43.949999999999825,8.196866240569967,0.000400381114902783,-0.0025397530113378474,-0.006345862597645475
43.95999999999982,8.205931300221962,-0.0002536099297684407,-0.0017589375425255437,-0.006490205538106182
43.96999999999982,8.215698405423211,-0.0003000520972962427,-0.0018634465280548877,-0.006557766705840659
43.97999999999982,8.205631918487887,0.00024206370545780672,-0.0027052411331948724,-0.00654713124161207
43.98999999999982,8.214327072943812,-0.00039472731003245906,-0.002180246864641499,-0.006642548975642624
43.999999999999815,8.223925246689888,-0.0004304607075158613,-0.0023215554910294154,-0.006705370354271446
44.00999999999981,8.213671280826947,0.00011454839762095801,-0.0030914521808241336,-0.006663908459890708
44.01999999999981,8.221890449388772,-0.0004953888184911704,-0.0025558218290963916,-0.006619522613734887
44.02999999999981,8.231355249512418,-0.0005282591953138973,-0.002639194494223987,-0.006748624332500791
44.03999999999981,8.220956824721048,7.0536553095334735e-06,-0.0033362094246796657,-0.0067768958430970945
44.049999999999805,8.228528848647311,-0.0005679291903756778,-0.0028024536336726394,-0.006649719343736413
44.0599999999998,8.237938330883456,-0.000605587826881504,-0.0028233634226598526,-0.006797861959052231
44.0699999999998,8.227441820834803,-8.893883509399197e-05,-0.003447982237866544,-0.006853611716542075
44.0799999999998,8.234028949928671,-0.000614390689912177,-0.002931205681835658,-0.006715662444516052
44.0899999999998,8.243550662355027,-0.0006713960020675668,-0.002878132985176066,-0.006855753739942452
44.099999999999795,8.233037549513595,-0.00018326235686605915,-0.003431778732292844,-0.006910387683394739
44.10999999999979,8.237358864043427,-0.0006132220891967637,-0.0029668028340139596,-0.006760558383391636
44.11999999999979,8.247452490616022,-0.0007361214418664008,-0.0027964109158344764,-0.006895226254207886
44.12999999999979,8.237338117515995,-0.000290520838406535,-0.0032807204687399444,-0.006947041329647472
44.13999999999979,8.232314506514683,-0.00039936457969171795,-0.0030481402472559145,-0.006757500253776567
44.149999999999785,8.243848211727746,-0.0007945486464245895,-0.002560821045293903,-0.006876794897232768
44.15999999999978,8.248627720609376,-0.0007902803948221837,-0.002658398093848311,-0.0069950404011016225
44.16999999999978,8.23843424439035,-0.0004620257119993461,-0.0028941112238032272,-0.00673945351974491
44.17999999999978,8.247078809729848,-0.0007962013483694989,-0.0023279762018565083,-0.0066854218209658825
44.18999999999978,8.254707296452194,-0.0008342073552818389,-0.0022544351973543923,-0.0068769440301933524
44.199999999999775,8.243752428539171,-0.0006162749181078131,-0.0025154066742703084,-0.006698727653355293
44.20999999999977,8.237865369630116,-0.0003958927999552259,-0.0022353374277396445,-0.00657257424033004
44.21999999999977,8.249373014587663,-0.0009009483522049925,-0.0017369163785553622,-0.006825963482296978
44.22999999999977,8.243959017429786,-0.0008570078941643861,-0.0019111960313718604,-0.006664907390051171
44.23999999999977,8.235486889389888,-0.0005739784974601566,-0.0017776419005476431,-0.006511205415476629
44.249999999999766,8.24695267726692,-0.0008874284715633446,-0.0012489413892993904,-0.006762801060316277
44.25999999999976,8.254229288217124,-0.001478483000944301,-0.0011549374388458386,-0.0066197312110255185
44.26999999999976,8.24304921515612,-0.0005332027541476605,-0.0012764446945021824,-0.0064226062365527435
44.27999999999976,8.237012912308407,-0.0005055166096708651,-0.0009982462834898132,-0.006627560768566433
44.28999999999976,8.248502401777234,-0.0010883734444435598,-0.0005483210955245866,-0.006522621175196221
44.299999999999756,8.242128957706662,-0.004041196450034765,-0.0005983187374375685,-0.006329836819424429
44.309999999999754,8.233613499168793,5.350205657755175e-05,-0.00045774866785503886,-0.006491232464167675
44.31999999999975,8.244903505344178,-0.00039193597684708775,-2.8637424132394547e-05,-0.006368600638359407
44.32999999999975,8.249828477441369,-0.001026788738416508,6.936629669174855e-05,-0.006192903350688104
44.33999999999975,8.23883815314825,-0.0028295663202437143,8.099861547582275e-05,-0.0063192223787436235
44.349999999999746,8.233996983894528,4.026066683957835e-06,0.0003175527382343503,-0.006146027608322461
44.359999999999744,8.244553725359458,-0.0005865654947154207,0.0006135388939401373,-0.005993849400926364
44.36999999999974,8.235801493788538,-0.004015873075190804,0.0006225067355893317,-0.006075707385086952
44.37999999999974,8.227561494234545,0.00013982445848569075,0.0007807621038592714,-0.005890463143696069
44.38999999999974,8.238648180022082,-0.0003748830592185536,0.001036309662231576,-0.0057295743083955524
44.399999999999736,8.23172645520346,-0.004579947048347313,0.0010829979636758458,-0.005609920366638685
44.409999999999734,8.222599878276359,0.00020860392759605953,0.0011975600494547659,-0.005489670619145903
44.41999999999973,8.233377737501486,-0.00042334174435926795,0.00137704615448415,-0.005368334730183569
44.42999999999973,8.226476577850189,-0.004768865684905741,0.0014348739049118197,-0.005241558465948593
44.43999999999973,8.217216255449129,7.244814608788072e-05,0.001525702324262475,-0.005110195732918663
44.449999999999726,8.227810494388285,-0.0005177412137431678,0.0016324013770103402,-0.004987301350594076
44.459999999999724,8.220381210903955,-0.004948680870492661,0.0016933190417502098,-0.004859604735865012
44.46999999999972,8.211081156422338,-0.00023393247623985127,0.0017797204034090293,-0.00471849795448727
44.47999999999972,8.221553543315466,-0.00040837884812868034,0.0018627563730407451,-0.004586006175576983
44.48999999999972,8.213594972157733,-0.005191081284410014,0.0019784493521898716,-0.004461884803492298
44.499999999999716,8.204186869803292,-0.003668272414064302,0.0020970546874973057,-0.004317617230717238
44.509999999999714,8.214479250832564,0.00024121153160129686,0.002159725549058084,-0.0041630168567927586
44.51999999999971,8.206007079185701,-0.0043217235293657365,0.0023379077816230946,-0.004041463454429317
44.52999999999971,8.196403965825178,0.00016005098153868747,0.0024788588772514854,-0.003896362264783435
44.53999999999971,8.206525446869762,-0.003367608136987997,0.0024917234388410264,-0.0037320928064149784
44.549999999999706,8.197685985909086,-0.0045577800270728145,0.0027332875195291255,-0.0036014647746327047
44.559999999999704,8.187869079330989,0.0003813970206632391,0.0028813310152864696,-0.003444845228140969
44.5699999999997,8.197741298060937,-0.0035522842766153987,0.002819849103228228,-0.0032601479635928575
44.5799999999997,8.188558030674656,-0.004573688708074082,0.0031191370324550414,-0.0031303959977878396
44.5899999999997,8.178534808187685,0.00036679694895046364,0.0032584241582399994,-0.0029622157729737317
44.599999999999696,8.188136590654528,-0.004144783645385874,0.0031042471703333838,-0.0027512140567535026
44.609999999999694,8.178659153977634,-0.004406649660970821,0.0034565697039922764,-0.002620358224107614
44.61999999999969,8.168429612502443,7.61578411552099e-05,0.0035747939575152413,-0.0024396097829666205
44.62999999999969,8.177721954428044,-0.0038706850881965473,0.0033223273090703296,-0.0022010366709707438
44.63999999999969,8.168005418739279,-0.004461727999864961,0.003720707894572141,-0.0020702664270519735
44.649999999999686,8.157591990188472,-0.0032164496303103045,0.0038011822570473267,-0.0018744638499347897
44.659999999999684,8.16651169689076,0.0005799938737205874,0.0034803548024742934,-0.001606889817174805
44.66999999999968,8.156592289076888,-0.004782045052067985,0.0039035660947671393,-0.0014847220143330377
44.67999999999968,8.146043285293967,-0.004296109076035389,0.003953349861133298,-0.0012774310061525098
44.68999999999968,8.154593792340886,-0.0027291284625582403,0.003531690764938411,-0.0009819697153080876
44.699999999999676,8.144508014664192,-0.004080399190256793,0.004013634153904816,-0.0008543511183946327
44.709999999999674,8.133768928736966,-0.0031203070421368874,0.0040413315179005605,-0.0006394177691497239
44.71999999999967,8.141847301756826,0.000643959828413087,0.0035523874186189517,-0.00033251750718704497
44.72999999999967,8.131700737790863,-0.004557791167734492,0.004049020738568901,-0.00021228363081735111
44.73999999999967,8.120900602761072,-0.004351101532171018,0.004050360348550722,1.2195050783509994e-05
44.749999999999666,8.128486444435172,-0.004082151763942509,0.0034727772448852933,0.0003410886704774918
44.759999999999664,8.118277670306345,-0.003479742511964197,0.0040318089174057326,0.000467469538220597
44.76999999999966,8.107344907571093,-0.0032210908543240705,0.004015944309951388,0.0006944498368225169
44.77999999999966,8.114293218186358,-0.002854203843119748,0.0033833415856055647,0.0010284481697782877
44.78999999999966,8.104105400962457,-0.0033810783446687797,0.003958529688712611,0.001150742962378
44.799999999999656,8.093146299102647,-0.002995152447297802,0.003927298201111326,0.0013808294970479539
44.809999999999654,8.099378755925759,-0.002926667112778771,0.0032549064395300197,0.0017195560066450332
44.81999999999965,8.089277830524878,-0.0031315526542081266,0.003841856039081926,0.0018413339011937803
44.82999999999965,8.078345028740427,-0.002931670924678358,0.0037959427075160697,0.0020721159395453103
44.83999999999965,8.083701153339678,-0.003006387054766022,0.003104937099006416,0.0024100502953415905
44.849999999999646,8.073760486561671,-0.0032423720210385918,0.0036844580390765244,0.0025332064235494825
44.859999999999644,8.062924620723477,-0.0034738557656769082,0.003623676480855162,0.002764207824552621
44.86999999999964,8.067169402434791,-0.003861364049436195,0.0029386577786612803,0.003097327470879515
44.87999999999964,8.057436180632788,-0.003990556042941218,0.003489252836477429,0.003225959114383054
44.88999999999964,8.046766496614765,-0.004254597814715646,0.003416335842741838,0.0034566782424950543
44.899999999999636,8.049917391907098,-0.004628752539039784,0.002826582588757512,0.0037693254265138165
44.909999999999634,8.040302867538319,-0.0046808430179521784,0.0036474877692031426,0.0038539361045099394
44.91999999999963,8.02980401874215,-0.0049435245766369755,0.0038764535922569342,0.00403404740897813
44.92999999999963,8.033181206159242,-0.005321624469971654,0.0034811154418998556,0.0043116224620199425
44.93999999999963,8.02330458367119,-0.005299143234963939,0.004339344309023626,0.00439210448778235
44.949999999999626,8.012590831413235,-0.005538159002218446,0.004513863637134803,0.004579543920001342
44.959999999999624,8.011220024787917,-0.00576132592422863,0.004305976783304268,0.004824166962615392
44.96999999999962,8.002047684222239,-0.005817591696505256,0.0048601450576809336,0.004952105396715947
44.97999999999962,7.992452845801309,-0.006017853334823234,0.00496781616272945,0.005146936687687746
44.98999999999962,7.998201592146084,-0.006381460653334937,0.004348992671537175,0.005445564274374477
44.999999999999616,7.987441022928403,-0.006219422263777873,0.005294325915316155,0.005515494355914219
45.009999999999614,7.976055844810191,-0.00635978870695773,0.005361902170238407,0.00571245305964737
45.01999999999961,7.979685039572842,-0.006534721063251076,0.00491589245913188,0.005978309864477775
45.02999999999961,7.969519756381307,-0.00641046361768662,0.005534709399184349,0.006095078366900911
45.03999999999961,7.958379065438587,-0.006498597698981738,0.005578956486509208,0.006289668467620687
45.049999999999606,7.952915917404807,-0.006477088683886718,0.005739832264468923,0.0064677678231697035
45.059999999999604,7.9450594901860105,-0.006445183365437042,0.005487229566972638,0.006695865977055679
45.0699999999996,7.936582341701464,-0.006443114703011369,0.00565421802956438,0.006867522806310047
45.0799999999996,7.932191444535232,-0.006408758089700767,0.005475285996754793,0.007078473620529688
45.0899999999996,7.923875167595785,-0.006296841283810978,0.005424580997745522,0.007270079398181615
45.099999999999596,7.916218216263622,-0.006209472348417401,0.005656689916404852,0.0074268025254968645
45.109999999999594,7.9214889447279,-0.006119676604537565,0.004744423893432069,0.007703349094279909
45.11999999999959,7.9109877098081665,-0.005917974245044871,0.0015907351483318657,0.008189155382263587
45.12999999999959,7.900128184936556,-0.005792800785635494,0.007179319748636645,0.007785323972558373
45.13999999999959,7.906352754124536,-0.00553804499202962,0.00618286140158396,0.00806263637824199
45.14999999999959,7.89573225323529,-0.005344924746608337,0.0019822588438714694,0.008607532139923586
45.159999999999584,7.88437261489616,-0.005189219637879175,0.007220154668346563,0.008295886177486144
45.16999999999958,7.879414726263644,-0.0048820518091341695,0.00687499385858187,0.00849322537723336
45.17999999999958,7.8721415712695455,-0.004636441579913129,0.0012894285628248362,0.009076966243151758
45.18999999999958,7.863934310510405,-0.004436214922284182,0.006881205700520994,0.008795525778632393
45.19999999999958,7.860094890196724,-0.004143934049681275,0.00584120232397497,0.009010789911936006
45.209999999999575,7.852436654084512,-0.003915090517510486,0.0008429833820852871,0.009461106018459974
45.21999999999957,7.845370681104844,-0.0036762780068662778,0.006247738711665322,0.009249938116160709
45.22999999999957,7.85141006038835,-0.003236715303651116,0.004146465003979379,0.009482660768041853
45.23999999999957,7.841624385353221,-0.0031997419995576154,0.0003208571849129177,0.00978136300965807
45.24999999999957,7.831544054493124,-0.0029750378305973724,0.0057399228089526156,0.009484380151766654
45.259999999999565,7.8388551745932435,-0.0024212763176744865,0.004132202993654568,0.00973049838448608
45.26999999999956,7.829018787600518,-0.002478255011070836,-0.0005946570267304021,0.010029486037597556
45.27999999999956,7.81848694129234,-0.0022694596286408813,0.0008224238757809368,0.009830090557318507
45.28999999999956,7.816797726184799,-0.0018889522427840786,0.005608456764859726,0.009926252919841795
45.29999999999956,7.809184524985981,-0.0017948403153703273,-0.00033640683725337544,0.010196503661289914
45.309999999999555,7.8010925967337155,-0.0016280798967177876,0.004822245479638247,0.010164976416470536
45.31999999999955,7.8081198948640544,-0.0010893749549862183,-0.0014211052488091959,0.010260733496867945
45.32999999999955,7.798623637673087,-0.0013089205228900885,-0.0003016335576675142,0.010372572454430108
45.33999999999955,7.788603410119555,-0.001166184089935682,0.004723620171693612,0.010259052075912076
45.34999999999955,7.795714597415681,-0.0006087875580448615,0.0021561499006406753,0.010414319310810344
45.359999999999545,7.786394510431529,-0.0008736563819555518,-0.0018147011646007438,0.010481378869225285
45.36999999999954,7.776285421823404,-0.0007547444257247755,-0.0014207374349677092,0.01026546627315549
45.37999999999954,7.78182639590705,-0.000272232000803847,0.0032722601846937346,0.010540728522116488
45.38999999999954,7.772913695194968,-0.0005343242778068226,-0.0020109552384303966,0.01051689342176717
45.39999999999954,7.763110710795102,-0.00044798429586777485,-0.0015543240471330897,0.010319047601620083
45.409999999999535,7.769039789220073,1.8007017944254937e-05,0.002738843597624465,0.010620337310310791
45.41999999999953,7.759900033165517,-0.00029517476718316426,-0.0022066965295918176,0.010525881417743391
45.42999999999953,7.749979531062437,-0.00022815196221688815,-0.0019183920390258367,0.010315255554190031
45.43999999999953,7.756510582469811,0.00023567602122173827,0.0019029222802637465,0.01062422283218269
45.44999999999953,7.747138378431635,-0.00012346689668473425,-0.00233290508575188,0.01049769904042701
45.459999999999525,7.737015653738875,-7.157862371481982e-05,-0.002174226726336782,0.010274298516397667
45.46999999999952,7.743896472681095,0.0004050260583437227,-0.0020412968725783015,0.010178745128541276
45.47999999999952,7.734319710903844,5.2591199033475495e-06,-0.0019485358613524361,0.01034775964924824
45.48999999999952,7.723968429526502,3.696972175039559e-05,-0.0014857008528615435,0.010259935068526356
45.49999999999952,7.731123454966866,0.0005038938174477922,0.0016837706810444804,0.010364658023928882
45.509999999999515,7.721390663054773,9.966154486147475e-05,-0.002347450578531794,0.010206047464933874
45.51999999999951,7.710965365215501,0.00011479052988791452,-0.0022935064979302407,0.010280379909221276
45.52999999999951,7.718491626550587,0.0005832191691256522,-0.0025852554443590663,0.010004827320636973
45.53999999999951,7.708575722745512,0.00018351191319998771,-0.0019871418272972,0.00992543369985421
45.54999999999951,7.697970791311302,0.00019060070303913214,-0.0019090818357376676,0.010101019205479905
45.559999999999505,7.705758791190998,0.0006402018467297589,-0.0021060581981553112,0.00991207610755831
45.5699999999995,7.695703749882735,0.00024972747702156156,-0.0019376141385007133,0.009753774332365487
45.5799999999995,7.685009479799263,0.0002615631340202727,-0.0018367908748231241,0.009925622133859294
45.5899999999995,7.693085675542544,0.0006938732217346396,-0.002171960904764841,0.009717961963299241
45.5999999999995,7.682943718054246,0.0003198405252739459,-0.0018697049145869975,0.0095715378249025
45.609999999999495,7.672208498056169,0.00033656967187817034,-0.001843049891342608,0.009726300580012191
45.61999999999949,7.680571724091958,0.000749504558613185,-0.002314996965366413,0.009480220992417854
45.62999999999949,7.670406017099882,0.0003926887046333673,-0.001842885022600067,0.009351230658686371
45.63999999999949,7.659681987559611,0.0004147083203913735,-0.0018766210564731146,0.009486621351051286
45.64999999999949,7.668330632598641,0.0008435564039837951,-0.0024660340569237025,0.00920465652236292
45.659999999999485,7.658204821961365,0.00046702871674089084,-0.0018625404281518146,0.009086730895568966
45.66999999999948,7.647542128216005,0.0004980858298552087,-0.0019327628977710964,0.009195605741017306
45.67999999999948,7.656474363181868,0.0009886157636710307,-0.0026180805350935876,0.008884530660609614
45.68999999999948,7.646453435514688,0.0005676828000273912,-0.0019214620827871167,0.0087748250978485
45.69999999999948,7.63589806345132,0.0006294903662892686,-0.0020094516214901412,0.00882188190999744
45.709999999999475,7.645109123672168,0.001188904416456541,-0.002770205134268197,0.00850298072892527
45.71999999999947,7.6352587001662675,0.0007250948263859146,-0.002012597657602673,0.008409789468235278
45.72999999999947,7.624849822420531,0.0008297305737828928,-0.002101629222146024,0.008258440215204936
45.73999999999947,7.634330343996511,0.0014425526853851216,-0.002919153352816159,0.007994691087716548
45.74999999999947,7.624716498425118,0.0009420903315841139,-0.0021288201936011347,0.007960668550588877
45.759999999999465,7.614483722280708,0.0010795049797736565,-0.002219012886390605,0.0077966176440340176
45.76999999999946,7.624219071420222,0.00172600635724736,-0.0030689794601115998,0.007513289183075179
45.77999999999946,7.6149101131395165,0.0012129841659042,-0.002266135634450422,0.007498274664178753
45.78999999999946,7.604870542593133,0.0013800708340028166,-0.002351625991202218,0.007331274095405976
45.79999999999946,7.614840640940366,0.0020207978346269222,-0.003213053877175543,0.007028347359158042
45.809999999999455,7.605911447510127,0.001536137636465316,-0.002416211029519463,0.007012800454151535
45.81999999999945,7.596065706193235,0.0017195924515939266,-0.00249054563109045,0.00683934482133776
45.82999999999945,7.6062451894540155,0.002300674530894606,-0.003344095710997527,0.006520284365052343
45.83999999999945,7.597786321510397,0.0019146623279034651,-0.0025706009024026736,0.006495328345471162
45.84999999999945,7.588112175932075,0.0020719221734772273,-0.0026268828205817042,0.006313817440077206
45.859999999999445,7.598470171160999,0.0025387426024111883,-0.0034567472364267046,0.005981554357630817
45.86999999999944,7.590607778886207,0.0023737300594297056,-0.00272300569651234,0.005942188647767291
45.87999999999944,7.581048456282525,0.00237283950550717,-0.002751959864831389,0.005754091891763015
45.88999999999944,7.591545733887078,0.0027279908545894136,-0.003545063918187882,0.0054117488769930885
45.89999999999944,7.584493374945842,0.003030028879093156,-0.002867963059994169,0.005353810994929294
45.909999999999435,7.574933383749935,0.0024326085067245314,-0.0028546161569835333,0.005163605587646885
45.91999999999943,7.585508402685151,0.002911185517475312,-0.0036028508130811487,0.004813567713601333
45.92999999999943,7.579771032944339,0.0077233697177573534,-0.0030262620723688796,0.004727726641929019
45.93999999999943,7.5699367207272035,0.0014306979575211853,-0.00291762658188633,0.004562297484476402
45.94999999999943,7.580363689667742,0.0019719808215597733,-0.0036130759690710997,0.004205257956917797
45.959999999999425,7.58407938000172,0.002543310400366174,-0.0033612382427318163,0.0040387285594231425
45.96999999999942,7.572695506575939,0.007842275271407963,-0.0029441550724056804,0.003908549979928026
45.97999999999942,7.578111721113591,0.0013011807455027464,-0.003444062964576246,0.003602925337323192
45.98999999999942,7.5852491224475935,0.0017224613056985554,-0.003443800463581217,0.003375455504312129
45.99999999999942,7.573402460102642,0.006907322037327267,-0.002919288280460219,0.00325586868770412
46.009999999999415,7.564670360111165,0.0007357256453524528,-0.0029955315285734455,0.003025473343148638
46.01999999999941,7.575618418432329,0.0017380358547038285,-0.0034902027478902727,0.0026790203644145422
46.02999999999941,7.569465779575538,0.007612501827687118,-0.003028195420640663,0.0025373360444848835
46.03999999999941,7.55979104628387,0.000922336686511377,-0.0029381842786962713,0.002335153676777329
46.04999999999941,7.570534052502866,0.001630637410981828,-0.003395518524801714,0.0019861600481673
46.059999999999405,7.577070643629393,0.008649220011423896,-0.003255612010619582,0.0017651383204609983
46.0699999999994,7.565311307995259,0.0009204597506691397,-0.002816212325201211,0.0016349037458659177
46.0799999999994,7.560166170648667,0.0009891664223887658,-0.0029333971222988997,0.0013519347980482086
46.0899999999994,7.571026184519483,0.007803328953759417,-0.003189803013520201,0.001033164197947317
46.0999999999994,7.564245036927371,0.006031872150646362,-0.002785474731409958,0.0008850912007393539
46.109999999999395,7.556260387983734,7.265267043021297e-05,-0.0027210417180908706,0.000654104168417177
46.11999999999939,7.567505954282793,0.001086362989155697,-0.0030911267367751414,0.0003005633306088865
46.12999999999939,7.5754624352476725,0.008444659926846463,-0.003340599929762221,-2.5601785948424385e-05
46.13999999999939,7.563969146430964,0.005360880450800161,-0.0033828244787188324,-0.00027945297771517
46.14999999999939,7.569845554238055,-5.673517481445486e-06,-0.003920929579790851,-0.0006567054138569982
46.159999999999386,7.579030398308349,0.0016156222502028072,-0.004224535647078663,-0.001003147617291389
46.16999999999938,7.567982994277814,0.007051195725831415,-0.004305430222355938,-0.0012958087965390915
46.17999999999938,7.563669997149149,0.0005573981763420398,-0.00465451426647442,-0.0016295458643442312
46.18999999999938,7.574676729069134,0.0063094397399459335,-0.005033017142003448,-0.0019939425913413286
46.19999999999938,7.57105717420974,0.006187847673886134,-0.005162906550034523,-0.0022820890922795782
46.209999999999376,7.562428485405725,-0.0006103265893499366,-0.005381515824463232,-0.0025896061291213104
46.219999999999374,7.573623357810204,0.005867462129450639,-0.005683095934932105,-0.002943602515892545
46.22999999999937,7.5826822266493625,0.0070468553502049825,-0.005844744790460872,-0.00324092803795562
46.23999999999937,7.571527222505494,0.004398476929576321,-0.006016957534893257,-0.0035328802370012883
46.24999999999937,7.579135447031905,0.0003854312133879558,-0.006165518993421313,-0.003829308109700903
46.259999999999366,7.588428212271016,0.007711521001205111,-0.006274296451445896,-0.004134986719475211
46.269999999999364,7.57763090925016,0.007026158191792972,-0.006476023874567405,-0.0044281190045245954
46.27999999999936,7.584742610830366,0.0009086864484584369,-0.0064628645465230165,-0.004670600065499973
46.28999999999936,7.593875410938793,0.008535620279408974,-0.0064877552243333995,-0.004950611865027589
46.29999999999936,7.5830701940843515,0.007869990491683994,-0.006718026838108882,-0.0052387898258055504
46.309999999999356,7.590196487953228,0.002013641988909952,-0.006531142095236254,-0.005429321902520415
46.319999999999354,7.5992696060359695,0.008938584601470562,-0.006463026845183473,-0.0056766396707871
46.32999999999935,7.58845952386586,0.008491758842932691,-0.006718617781595749,-0.005957982808809758
46.33999999999935,7.5957998357941925,0.007399574033635818,-0.006342599122909981,-0.00609214005672941
46.34999999999935,7.604811347150388,0.0075109715631575605,-0.0061840586217996076,-0.006278967168079108
46.359999999999346,7.593957924245735,0.008031709369255846,-0.006467385957842614,-0.006561026795778241
46.369999999999344,7.601565320316361,0.001769849862290873,-0.005897774985343291,-0.006644868213619131
46.37999999999934,7.6106585865347185,0.00957853468288538,-0.005651099588572999,-0.006838770383739929
46.38999999999934,7.5999762944829605,0.009054366079832146,-0.0059675851745257524,-0.007103967596493095
46.39999999999934,7.607963368183057,0.008658618233691021,-0.005204426024858459,-0.007128953048976621
46.409999999999336,7.617126596992696,0.007784078247697032,-0.0048970135311194995,-0.007255056621891583
46.419999999999334,7.606518027608585,0.008313850045710187,-0.005262813729058591,-0.007528303786210863
46.42999999999933,7.614820792296807,0.006877430680524092,-0.004324471564868605,-0.007517262033170346
46.43999999999933,7.624163165290339,0.008166011286373565,-0.003967020766702216,-0.007639299815567704
46.44999999999933,7.613788279367784,0.00775030227061087,-0.004397818379195608,-0.007911369046837462
46.459999999999326,7.622455600356347,0.006978167375745796,-0.0033103429966175853,-0.007872135142159857
46.469999999999324,7.632041379469647,0.007490856075344445,-0.0029304981319775592,-0.00798442715295836
46.47999999999932,7.621970822263088,0.0072917267889272604,-0.0034403274356148835,-0.00826477994792869
46.48999999999932,7.631024645295873,0.0067727076611653,-0.002239044941656429,-0.008210477355462018
46.49999999999932,7.640912173807648,0.006767991006610923,-0.0018626483852055534,-0.008322652177491995
46.509999999999316,7.631215356255788,0.006685478171623001,-0.0024600828207037117,-0.00861200928033044
46.519999999999314,7.6406647357944415,0.006272758910675532,-0.001188629079023796,-0.008556508963696962
46.52999999999931,7.650892140178661,0.006027101437906383,-0.0008398176305971745,-0.0086754781234292
46.53999999999931,7.641625849674209,0.005927071591967786,-0.0015223357712278577,-0.008970385878054125
46.54999999999931,7.651468584263766,0.00557653599049025,-0.00022940306849154456,-0.00892556836713491
46.559999999999306,7.6620537429400235,0.005227661076025224,7.27067171023531e-05,-0.009054192860992943
46.569999999999304,7.653258974767048,0.005085889228351251,-0.0006793297329808243,-0.009347935109084106
46.5799999999993,7.663479157811232,0.004766394143406085,0.000586532820285319,-0.009321636376852847
46.5899999999993,7.674420319367234,0.00438868688672298,0.0008307202702081048,-0.009458552429301086
46.5999999999993,7.66612231455873,0.004228832414147384,3.56924720534182e-05,-0.009742109428267207
46.609999999999296,7.676689590541114,0.0039201826117232635,0.0012323151955888618,-0.009737238808418043
46.619999999999294,7.68796695002011,0.0035559631359793993,0.0014158438046796668,-0.00987769819939913
46.62999999999929,7.680176776316463,0.0034121660641244075,0.0006063293108233929,-0.010142060022945418
46.63999999999929,7.691047722681564,0.0031050145532586348,0.0016991874893404302,-0.010157238877801417
46.64999999999929,7.702626429821441,0.0027787139740073573,0.0018234058392505976,-0.010294831457676016
46.659999999999286,7.6953438864772,0.0026795790248001143,0.0010338321220573616,-0.010531385105166328
46.669999999999284,7.706465309451699,0.0023721048121784216,0.002009709812659056,-0.010560630070384143
46.67999999999928,7.718299565171025,0.0020966344670489143,0.0020864985126362854,-0.01068785745968528
46.68999999999928,7.711516070375056,0.0020649190672438035,0.0013438211889328032,-0.010891102698964775
46.69999999999928,7.722828647079252,0.001763882105268705,0.0021933609807533692,-0.010927201725519258
46.709999999999276,7.734865512153192,0.001547074891037614,0.0022312419549107175,-0.011037838095965794
46.719999999999274,7.728566123460238,0.0015852322239775102,0.0015553824988491125,-0.011205673937659337
46.72999999999927,7.740008601850051,0.0012863521949922107,0.0022764303456519115,-0.011238923038988956
46.73999999999927,7.7521923476691965,0.0011205688237287893,0.002285041311136111,-0.011329793206371749
46.74999999999927,7.746357325653094,0.0012275256107313604,0.0016876848822953378,-0.01146459508477006
46.759999999999266,7.7578715105250255,0.0009360799944334252,0.002315982586874765,-0.011397882505845208
46.769999999999264,7.77014780340114,0.0008110069925364163,0.002331397128957817,-0.011530487212476358
46.77999999999926,7.764750508872752,0.0009784916312519096,0.0017526392215764072,-0.011674633565300881
46.78999999999926,7.776283914418899,0.0006941069129975855,0.0023870487272456896,-0.011481156941195376
46.79999999999926,7.788601567145986,0.0006009090212382007,0.002403907853763081,-0.01165574564019988
46.809999999999256,7.7836038456486465,0.0008190603380224784,0.0017848427948262667,-0.011833153022315123
46.819999999999254,7.7951118077153145,0.0005318952539057062,0.0024853268875082747,-0.011618418830211611
46.82999999999925,7.807424806090034,0.00046568196896474965,0.00249429535348861,-0.011767436780558572
46.83999999999925,7.802773849893878,0.0007283650279155848,0.0018536052253343893,-0.011935050710208455
46.84999999999925,7.814231470365515,0.00043241835735325046,0.0025957499524415224,-0.011717819012357952
46.859999999999246,7.8265156392713395,0.00038657093365894305,0.0025890160336992907,-0.011805225288906587
46.869999999999244,7.822135059965371,0.0006848370982994079,0.001957984264488229,-0.011971525470521216
46.87999999999924,7.833539282864461,0.0003730627774678948,0.0027004087560623617,-0.011759326771364645
46.88999999999924,7.845773641439277,0.0003491907375819801,0.002675272720195938,-0.011642644402969337
46.89999999999924,7.841563595929157,0.0006726545926414545,0.002101856275360436,-0.01184963638228832
46.909999999999236,7.85290853230864,0.0003319689754961691,0.0027708710208688503,-0.01171875141541596
46.919999999999234,7.86508114184323,0.00031115837377066315,0.002747447939818601,-0.011571439679876843
46.92999999999923,7.860961830112354,0.0006579612793555981,0.0023174892854435033,-0.011760361130547138
46.93999999999923,7.8722404923416915,0.00028862767262152555,0.002753137620975882,-0.011623900229936788
46.94999999999923,7.8843421762421615,0.00026410245571931347,0.0028138389916125602,-0.011470033566418186
46.959999999999226,7.880234178909984,0.0006299557520309255,0.0027406721242075826,-0.011646622259795715
46.969999999999224,7.891444981384671,0.00022729844591900888,0.0025279578704469306,-0.011477921716966658
46.97999999999922,7.90347131736705,0.00019580734181964541,0.0028742400863920486,-0.011317498124225445
46.98999999999922,7.899300093295211,0.000587362867280058,0.006758171626674411,-0.011581719870760766
46.99999999999922,7.910399377959758,0.0001368703911760458,0.0016369038568573124,-0.01126935817197229
47.009999999999216,7.922261594753352,9.562595327296235e-05,0.0016664926914017318,-0.011078703308935017
47.019999999999214,7.91790715031761,0.0004886862336468586,0.0017092382377484924,-0.011180828951121505
47.02999999999921,7.928987707688344,1.5482010550656718e-05,0.002170168062159435,-0.011001371310313998
47.03999999999921,7.9408818939607935,-3.875923027391578e-05,0.002803173996309885,-0.010832115999684581
47.04999999999921,7.936402314668676,0.0003867582085532208,0.006836882899148435,-0.010927985263007912
47.05999999999921,7.947405888698104,-0.00014220058269868717,0.0010807490902761412,-0.010538608860594866
47.069999999999204,7.959162786234562,-0.00021221079959545037,0.0014123563604319092,-0.010396234628163603
47.0799999999992,7.954415830753712,0.00022145256568566798,0.006330755362366871,-0.01052821574530474
47.0899999999992,7.965389056742124,-0.00034102555554033797,0.0006935621410841395,-0.010096616068234756
47.0999999999992,7.9771062442850695,-0.00042304079576121285,0.0011459375871732283,-0.00997356950466806
47.1099999999992,7.972108448259999,1.1932049278245984e-05,0.00624108094997395,-0.01015024931086569
47.119999999999195,7.983070463580506,-0.0005740744892650081,0.00046557678357492217,-0.0096354294905931
47.12999999999919,7.99476683235886,-0.0006634688028484641,0.001221066649794818,-0.009532769626437542
47.13999999999919,7.989499054894727,-0.0002325360236641901,0.006068351106716103,-0.009731512679422275
47.14999999999919,8.000466256381713,-0.0008310248695702671,0.000376799352561053,-0.009148055165381608
47.15999999999919,8.012153112836886,-0.0009209774332764438,0.002696769297548918,-0.009167982307741334
47.169999999999185,8.00658119482187,-0.0005027222031398247,0.005253800640808399,-0.00921642357261177
47.17999999999918,8.017529706748768,-0.0010988774476621685,9.50421037913639e-06,-0.008596297736756974
47.18999999999918,8.02919553661361,-0.0011835367428563402,0.005368720667986679,-0.008901122584414497
47.19999999999918,8.023298021593087,-0.0007868918728981171,0.00402610889524267,-0.008607426231204385
47.20999999999918,8.03418343284135,-0.0013620274399314823,-0.0005170608009459661,-0.007983974914425667
47.219999999999175,8.045792192876178,-0.0014456891099075028,0.000735967512474171,-0.007899545841029733
47.22999999999917,8.039647862510034,-0.0010709404006769014,0.005100657133334949,-0.008152380590901486
47.23999999999917,8.050617496281129,-0.00160665486020943,0.000555214233468007,-0.007478914869042942
47.24999999999917,8.062245090311187,-0.0016747279277610474,0.00491149688760885,-0.007755507130293785
47.25999999999917,8.055708821145386,-0.0013404694604412888,0.004084437331237555,-0.007468619519342124
47.269999999999165,8.06661436178251,-0.001811699813129672,-0.0008563312861444112,-0.006683694762667911
47.27999999999916,8.078186184638755,-0.0018592188943839965,0.004693288868448775,-0.0071237661676775655
47.28999999999916,8.07135425841504,-0.0015746716784676147,0.0036074210783470302,-0.006784681680945586
47.29999999999916,8.082233103874612,-0.0019901339260385473,-0.001059938168795421,-0.005975254110257484
47.30999999999916,8.093759886771931,-0.0020637292989788497,0.004471341329391543,-0.006457302050870926
47.319999999999155,8.086618823294172,-0.0017637059121220647,0.0033876613292710476,-0.0060983525880393755
47.32999999999915,8.097484995382576,-0.0023002251729519877,-0.0010154802697380514,-0.005270360266663611
47.33999999999915,8.108969817561368,-0.0024156741955095474,0.004122176578656964,-0.00574325900774135
47.34999999999915,8.101525498369751,-0.0020633423168956817,0.0032275952451360857,-0.005391849745737868
47.35999999999915,8.112366277771677,-0.002754358649773939,0.0027212753506957094,-0.005089619933396146
47.369999999999145,8.12374623801821,-0.0028970784413829124,0.00303535630745402,-0.0049026446657174354
47.37999999999914,8.115906799170828,-0.002491541908671737,0.0031428190018503417,-0.004683429045599956
47.38999999999914,8.126620113359206,-0.0033054783376750517,-0.0010266279891978638,-0.0037895077527374246
47.39999999999914,8.137904321638294,-0.0034457381190321186,0.004931019298942275,-0.004477949678966583
47.40999999999914,8.12978382095517,-0.003000174447468962,0.004306887477002167,-0.004144154339153845
47.419999999999135,8.140345845414403,-0.0038726925572929306,0.0045382182163842275,-0.003947324047614279
47.42999999999913,8.151362958108862,-0.003985028777557087,0.003944874451789813,-0.0036083537845650335
47.43999999999913,8.142722787667346,-0.0035129353352078775,0.004159752672851767,-0.0034005382099043216
47.44999999999913,8.152962914701426,-0.004377829752158895,0.0037215763825609476,-0.0030787377423872
47.45999999999913,8.163667412100938,-0.004450862322705506,0.004589439979294902,-0.002983736333574904
47.469999999999125,8.154559528313326,-0.003991707508824502,0.004239454286132418,-0.00267404289069233
47.47999999999912,8.16442041058067,-0.004773332787053505,0.004161825851072425,-0.002411615088228629
47.48999999999912,8.174744321609523,-0.004814458457815084,0.0047091883086627885,-0.0022627915980702133
47.49999999999912,8.165128356198444,-0.004423662596253651,0.0044450019355058434,-0.001963680781199574
47.50999999999912,8.174544879488815,-0.005023582001530083,0.004579506577087483,-0.0017394905822455163
47.519999999999115,8.18444056687192,-0.005072376606123722,0.004732258614046718,-0.001517967739685045
47.52999999999911,8.174299560785249,-0.004842330792527565,0.004527632018444767,-0.0012267582849855058
47.53999999999911,8.183210492751652,-0.005079602283539717,0.004755894047083165,-0.0010209047953946607
47.54999999999911,8.192649645708613,-0.005237309750655774,0.004696753778463198,-0.000758252416841454
47.55999999999911,8.181991699521674,-0.005385192274258709,0.004440112062554394,-0.0004548296221326223
47.569999999999105,8.190350979243243,-0.0048441013610169325,0.00470298577686971,-0.0002564120655147654
47.5799999999991,8.199328840777962,-0.005298015069340288,0.004529061597523823,2.8292960495168067e-05
47.5899999999991,8.188185779756644,-0.00971457235012013,0.004198748586862298,0.0003473271014117745
47.5999999999991,8.19592374515935,-0.0037246685944731803,0.004432750015670903,0.000566534817491279
47.6099999999991,8.204387888261193,-0.0037427097240658063,0.004187594748578422,0.0008615813659120326
47.619999999999095,8.192767017035683,-0.003927443346843455,0.003754457283018291,0.0011946104479133067
47.62999999999909,8.19995810239958,-0.004430938092711528,0.00398430409728287,0.00138571218154894
47.63999999999909,8.208137779231958,-0.005039883075397146,0.0037016204548989354,0.0016874605627980048
47.64999999999909,8.196217277370398,-0.009889780285853956,0.0032187300455403123,0.0020349945959969216
47.65999999999909,8.202743362782673,-0.0028061463656576975,0.0033690509147410288,0.00226771450894365
47.669999999999085,8.210563151179263,-0.0031760436687217008,0.0030646281907344168,0.002562669487462304
47.67999999999908,8.198352577660524,-0.009032987609101926,0.0025505097758413637,0.002901849943035842
47.68999999999908,8.204237205776082,-0.002206385230079794,0.002644795707110845,0.0031364089314532486
47.69999999999908,8.211896556841811,-0.002708017268561149,0.0023404142390675052,0.003421471511110208
47.70999999999908,8.199537047580987,-0.008875676684559984,0.0018251533275788039,0.0037520808685513204
47.719999999999075,8.20465141156598,-0.001708654771588244,0.001861842506977467,0.003991921658495342
47.72999999999907,8.212342203179725,-0.0025485723215841857,0.0015769504970601434,0.004261592823102851
47.73999999999907,8.199968779673153,-0.00861152854681171,0.0010899692229611735,0.004576603469553367
47.74999999999907,8.203942465978862,-0.0013515762734612237,0.0010753345089319724,0.004817905856398435
47.75999999999907,8.21193788898016,-0.002818750232976261,0.0008296347763949903,0.005066879819389146
47.769999999999065,8.199745669915426,-0.007986538451760537,0.0003966190579313775,0.00536156535350524
47.77999999999906,8.194963628643661,-0.0007975349912950299,0.00026202385251862547,0.005616793547512668
47.78999999999906,8.204560736188432,-0.006166293336005299,0.00014621297312626908,0.005821747275852182
47.79999999999906,8.196556090935308,-0.007787473323902343,-0.00019626779617015272,0.006105043361000065
47.80999999999906,8.188802255079882,-0.000987739630129112,-0.000346975266230259,0.006352062106534197
47.819999999999055,8.199000774837446,-0.002853656550898948,-0.00041586103851772244,0.006533849490920512
47.82999999999905,8.205841520234463,-0.010302676215722272,-0.0006022048859405409,0.006747905487980657
47.83999999999905,8.193539907774994,-0.008675778166048809,-0.0008257896107743026,0.007014754519848796
47.84999999999905,8.19901228813205,-0.0022699269350776466,-0.0008710665819129738,0.007226478074607749
47.85999999999905,8.206851803006462,-0.009310333732317792,-0.0010068613141197065,0.007411251459252035
47.869999999999045,8.194538831654535,-0.009288936394175001,-0.0011651816272351667,0.007637192619367537
47.87999999999904,8.187003050937745,-0.002277439069212611,-0.0012282679768609024,0.007841684130663551
47.88999999999904,8.197185545666196,-0.00868264583824354,-0.0012793978714325286,0.007993637759752504
47.89999999999904,8.200626618343739,-0.010979111183882052,-0.0013679771832503956,0.008184802679484876
47.90999999999904,8.188416418115166,-0.007840912689230647,-0.0014677144483720252,0.008394225991272725
47.919999999999035,8.194401975856414,-0.0038790147277544137,-0.001533698012380626,0.008568066274082154
47.92999999999903,8.200411450213057,-0.011143808427818966,-0.0016637781142203965,0.008723095781190866
47.93999999999903,8.18759589217475,-0.010116183608666809,-0.001795671717452665,0.008920071406490211
47.94999999999903,8.178653321014494,-0.0033657392039823314,-0.0019047860258399438,0.00910715316693789
47.95999999999903,8.188442762362591,-0.010888019669012164,-0.0020527163480328656,0.009247495686280872
47.969999999999025,8.181302179661625,-0.010443015074949442,-0.002186617332262878,0.009421701254947306
47.97999999999902,8.170384004536459,-0.00896203068140883,-0.0023033574627605996,0.009598830322631532
47.98999999999902,8.179662872337586,-0.003373620702857077,-0.0024363974274211235,0.009749224011510054
47.99999999999902,8.184154105172249,-0.010852697848261336,-0.0025787821106626626,0.009862561485061776
48.00999999999902,8.171009768732828,-0.00983476902726481,-0.002661038719936782,0.010010317472833305
48.019999999999015,8.162916002585977,-0.007581150506702468,-0.0027701146958534206,0.010160070515243355
48.02999999999901,8.172132310943418,-0.00811418772508145,-0.002919746083097233,0.01026475692111051
48.03999999999901,8.162896106254157,-0.008128564281349301,-0.0029619381873538663,0.010373425426791457
48.04999999999901,8.152437966325008,-0.006651968092449509,-0.003029064783183529,0.010486112864391113
48.05999999999901,8.161645592005502,-0.002279806965286458,-0.0031599233432481975,0.010560038816066908
48.069999999999006,8.156643020500773,-0.007967748271930062,-0.0031820997168592645,0.010628949154100141
48.079999999999,8.144775632650983,-0.007391551537816604,-0.0031966354611128412,0.010711987320543796
48.089999999999,8.152989325404475,-0.006505875512565892,-0.003329112449412487,0.01078618707827561
48.099999999999,8.14711372911221,-0.005734902988408771,-0.003285966094730031,0.010832548364083242
48.109999999999,8.135508736778164,-0.005244386653577881,-0.003271818720240634,0.010886832588029582
48.119999999998996,8.143877088478035,-0.004178867520694191,-0.0034064170627381278,0.01078640741632076
48.129999999998994,8.13639008512978,-0.004281924930425358,-0.0033085457302067774,0.010897296505414744
48.13999999999899,8.125344581198437,-0.0037415408975307743,-0.0032768235721134646,0.011000346840322507
48.14999999999899,8.134243408670908,-0.00299631751310345,-0.0034154213694099263,0.010820707816917383
48.15999999999899,8.126210388570108,-0.0029222836606433854,-0.0032700638358416825,0.010936423639748236
48.169999999998986,8.115449131057446,-0.0025465181718779283,-0.0032237503522698926,0.011053569171457079
48.179999999998984,8.12463114475659,-0.0019641827492109924,-0.0033690936205548186,0.010858488815952135
48.18999999999898,8.116376940041295,-0.0017896320224370403,-0.0031847451463862166,0.0109529959677951
48.19999999999898,8.105861385998493,-0.001534950905377458,-0.0031288160977641292,0.011061141004048404
48.20999999999898,8.115256315544586,-0.0010787663605232433,-0.0032865799434259988,0.010854874591611328
48.219999999998976,8.106822882066961,-0.0009005375991499143,-0.003067500789799661,0.010924328713170802
48.229999999998974,8.096548690127285,-0.0007273182972360106,-0.003007410602697544,0.011022520238204665
48.23999999999897,8.106138396401251,-0.0003723502805461654,-0.0031830832857793734,0.010805306052987896
48.24999999999897,8.097565826757341,-0.0002421644179068578,-0.002933163894431493,0.010805001980240607
48.25999999999897,8.08749779426127,-0.00012962490460117837,-0.0028723526465298617,0.01091829660261922
48.269999999998966,8.097255669816136,0.00014672709713420382,-0.003070407986313399,0.010704561260600324
48.279999999998964,8.088584697657938,0.00021627110023724223,-0.002793459571938531,0.01052226975819193
48.28999999999896,8.078679530112883,0.00028015354216326366,-0.0027339811425303147,0.01068298069866136
48.29999999999896,8.088571293680705,0.0004964298300093795,-0.0029566969487159465,0.010546128898198304
48.30999999999896,8.079830889609136,0.0005051500281083764,-0.0026486845800928896,0.010336363317107456
48.319999999998956,8.070049229681143,0.0005325997088712226,-0.0025936996138124645,0.010492012698770219
48.329999999998954,8.080038954971004,0.0007086252849761543,-0.0028458686272212906,0.010355215795782231
48.33999999999895,8.071248207495076,0.0006668146119723652,-0.0025055532375993232,0.010142989406912552
48.34999999999895,8.061557669356535,0.000668250596518651,-0.0024557393191753543,0.010291186722711234
48.35999999999895,8.071611027739285,0.0008197383201507447,-0.0027393232333582118,0.010129666404482502
48.369999999998946,8.062783631674943,0.0007397160080081224,-0.0023651542293153622,0.009916708528515224
48.379999999998944,8.053159574599762,0.0007244445373741922,-0.002320294448564084,0.010057005790565149
48.38999999999894,8.063245676611782,0.0008634467632564724,-0.0026355900844883596,0.009872956405925228
48.39999999999894,8.054393325209125,0.0007567472450807917,-0.0022255656600789456,0.009653114623221382
48.40999999999894,8.04481880033182,0.000732928076413047,-0.0021849343821528176,0.009779301194260707
48.419999999998936,8.054911307029542,0.000868652144510105,-0.0025312999675862705,0.009578187400435879
48.429999999998934,8.04604582283663,0.0007448847861606269,-0.002083098720535411,0.009350084967045473
48.43999999999893,8.036511072605558,0.0007194971207082619,-0.002045670057622644,0.00944918900754215
48.44999999999893,8.046588829414757,0.000858421462366352,-0.002421713102445004,0.00923925927157461
48.45999999999893,8.037723344918511,0.00072523492142332,-0.0019330787597743211,0.009006690079636618
48.469999999998926,8.028225097146908,0.0007111946702294352,-0.0018985220098009126,0.008891975495481593
48.479999999998924,8.038272492945866,0.000853885840149571,-0.0023019292893567246,0.008757798335037493
48.48999999999892,8.029421984636718,0.0007146351236245318,-0.0017710247800951308,0.008583296773500788
48.49999999999892,8.019962677634448,0.0007076369610988043,-0.0017372311231248871,0.008444897812642856
48.50999999999892,8.029969873431737,0.0008585106580898524,-0.0021669167244974838,0.00831246505252236
48.519999999998916,8.02115126824661,0.0007200546107844283,-0.0017203921115084685,0.008157832887852079
48.529999999998914,8.011737107313268,0.0007215180700245905,-0.0019641422640453636,0.008011206941430973
48.53999999999891,8.021693942103699,0.0008801557343963463,-0.0026939185502603876,0.007862587422717015
48.54999999999891,8.012909304878153,0.0007472008077311613,-0.0023310246096632805,0.007705905302109971
48.55999999999891,8.003521826227203,0.0007574958716193771,-0.0025487674669165883,0.007544690788733256
48.569999999998906,8.013389728881776,0.0009210652103727337,-0.003269955451172394,0.007373911979247773
48.579999999998904,8.004613402717634,0.0007988686370889138,-0.0028332956771053063,0.007209792677924346
48.5899999999989,7.995219981118486,0.000816256633486711,-0.003020131765585634,0.007033456340722131
48.5999999999989,8.004962371238085,0.000982239699815225,-0.0037209360862105155,0.006840775929375048
48.6099999999989,7.996165719203144,0.0008654978268874357,-0.0032220870238861225,0.0066687292970509
48.619999999998896,7.986734094303699,0.0008946901795944978,-0.0033799916582055787,0.006477520475415122
48.629999999998894,7.996319497538995,0.001113268643853505,-0.004049924523946999,0.006264329558024972
48.63999999999889,7.987473817643512,0.0009894189557961852,-0.0034978584863513728,0.006085687099323292
48.64999999999889,7.977974019552365,0.001047060021840113,-0.0036261401663251393,0.005880827523047274
48.65999999999889,7.9873778988020465,0.001335556509655942,-0.00425044154354738,0.005649396568105104
48.669999999998886,7.978456481188978,0.0012003203933628056,-0.0036515113331658192,0.005466331531863297
48.679999999998884,7.968862498394369,0.0012878742469008767,-0.003748155236903636,0.005249871145139538
48.68999999999888,7.978068963981873,0.0016505853625284614,-0.004309013287299452,0.005003614213659224
48.69999999999888,7.969049128926524,0.0014971935865627113,-0.003670348576537809,0.004818713437121675
48.70999999999888,7.959340665987351,0.0016117095394021926,-0.003734515719347138,0.004593263036564216
48.719999999998876,7.968343973004308,0.002045208691892803,-0.004211849031729189,0.00433684529740955
48.729999999998874,7.959209040147338,0.0018648493627893537,-0.003545473861604971,0.004152636960643439
48.73999999999887,7.949372665987554,0.0019987892698188365,-0.0035793250865639283,0.003921046528663016
48.74999999999887,7.958176272612937,0.002492183286683694,-0.00394969275105229,0.0036604974160980076
48.75999999999887,7.948907934442562,0.002275334424204038,-0.0032778543061613946,0.003478614695017005
48.769999999998866,7.938929273487149,0.0024182765640561278,-0.0032866352715486776,0.0032436486725153147
48.779999999998864,7.947550107452784,0.002956484698347932,-0.0035201695462606574,0.0029866160034839728
48.78999999999886,7.9381412634129465,0.0026950057589965487,-0.0028850293702245558,0.0028060396129448834
48.79999999999886,7.928023716910302,0.0028367157959398636,-0.0028728958012646365,0.002569408257937643
48.80999999999886,7.936488988905979,0.0034046097909612594,-0.0029276139332364407,0.0023240246082700195
48.819999999998856,7.926947008774147,0.0030941521840400516,-0.002409040401058187,0.00213620870334553
48.829999999998854,7.916702908584255,0.003227683101246076,-0.0023557670985890344,0.0019016943165572897
48.83999999999885,7.925046589817811,0.0038134939045219463,-0.0021849611855512424,0.0016796071400059266
48.84999999999885,7.915387699930648,0.0034522703324954885,-0.0019383336123465615,0.001466951445118622
48.85999999999885,7.905036907712367,0.003572621809758458,-0.001696569296369737,0.0012550741291556839
48.869999999998846,7.913299802447152,0.004166639705815571,-0.0013433223097205724,0.0010587359657032794
48.879999999998844,7.903546556413781,0.0037543650740838926,-0.0017857302702355199,0.0007640517295231838
48.88999999999884,7.89311118639253,0.003859449497240006,-0.0005695850341527054,0.0006815661482554696
48.89999999999884,7.901335705559382,0.00445489458903186,-0.0005566292506735788,0.00044929037649010345
48.90999999999884,7.89151579454809,0.00399123958213708,-0.0052305964617874465,-0.00043310947999367864
48.919999999998836,7.8809841902711835,0.00408294439217916,0.0012926942555777899,0.00022626547819107275
48.929999999998834,7.889136526394001,0.004674233239116113,0.0011982204638836228,-8.811435582583871e-06
48.93999999999883,7.879230173996106,0.004166978270114016,0.0009337966893979806,-0.0002663229694662169
48.94999999999883,7.86870862110296,0.004240959501188628,-0.0024967768963361577,-0.0010132551428734774
48.95999999999883,7.876979621634764,0.0048322274634253586,0.0019350951758101763,-0.0005695293059417793
48.96999999999883,7.867031347288374,0.00427980500074541,0.0017237045797721493,-0.0008188627637319439
48.979999999998824,7.8564895040261025,0.004347073730662406,0.0016029829870600938,-0.0010534013285291466
48.98999999999882,7.864891805793227,0.004927092763500754,0.001963360176492505,-0.0012094588233425223
48.99999999999882,7.85502090329722,0.0043303696603241475,-0.00254568306918845,-0.0021852331150560684
49.00999999999882,7.84450692973981,0.004399821159493188,0.002865644059171996,-0.001493926229311355
49.01999999999882,7.852976261402026,0.004963502786137349,0.002647103497068322,-0.0017370487733410747
49.029999999998815,7.843113000547176,0.00433205939785447,-0.0012854138629991635,-0.002640903118972374
49.03999999999881,7.832639615171219,0.0044022569932923436,0.0034926742881748875,-0.0019991592405463406
49.04999999999881,7.841276427885113,0.004946038528883243,0.0030673087206903103,-0.002273487890657528
49.05999999999881,7.831456955465511,0.00428675676934401,-0.0004281214056148319,-0.0031233923714403724
49.06999999999881,7.82104857551931,0.004362697992892825,0.0037213906652745748,-0.0025468065678908016
49.079999999998805,7.8298767656879,0.004874899872313236,0.0036756321101163187,-0.0027436702991605966
49.0899999999988,7.820132684683092,0.004199346667271706,0.00018360341630650683,-0.003613092747306476
49.0999999999988,7.809817475586472,0.004278209343925154,0.0013997101799488423,-0.003573790092910172
49.1099999999988,7.818836391373873,0.004747354638741439,0.005337203486539747,-0.0029711049118843927
49.1199999999988,7.809155620673839,0.0040756633876180785,0.0011903092019812968,-0.003986830162666502
49.129999999998795,7.798938451866644,0.004178261778940352,0.005398216396120911,-0.0032983677601073095
49.13999999999879,7.808223872985415,0.004538788565128385,0.0018924561264736224,-0.004198689860651491
49.14999999999879,7.798696461639121,0.003926863795524994,0.001392780593681194,-0.004481260104166114
49.15999999999879,7.788595198408669,0.004045671032176217,0.006395968113238461,-0.003577477633519404
49.16999999999879,7.798109020392123,0.004571260468675514,0.0019573461823663286,-0.004693451895514903
49.179999999998785,7.7887364112558855,0.004591557204179988,0.001624299550681211,-0.004930026572515866
49.18999999999878,7.778774531263657,0.005156125116519225,0.006815735879961371,-0.00393001902773182
49.19999999999878,7.788504117999006,0.005623653969321777,0.0018481916836383615,-0.005186435193829193
49.20999999999878,7.779242577076572,0.005859686233716538,0.0019287470416356257,-0.005316950752254804
49.21999999999878,7.769353414170529,0.0061517669572938504,0.004263740829180742,-0.004924044686833
49.229999999998775,7.779195215295664,0.00646372485762126,0.005988648302684657,-0.004649278358554354
49.23999999999877,7.7699732464207,0.0070593966140736234,0.0019306180143063587,-0.0057236778689709125
49.24999999999877,7.760113781571127,0.006784999584539707,0.0024366566948608834,-0.005733210244838188
49.25999999999877,7.770019498203799,0.00714960625976241,0.006705750146620679,-0.004832802946204357
49.26999999999877,7.760785682231117,0.00925864809672235,0.00206620173796172,-0.006056674308373326
49.279999999998765,7.750847078773596,0.0066022034285389015,0.002360628830214227,-0.006092095887976538
49.28999999999876,7.7607066396048845,0.007337425681957973,0.0029447682030702763,-0.006060483355639732
49.29999999999876,7.751393854516723,0.012930320134419299,0.0028688343825577878,-0.0061771203588845015
49.30999999999876,7.74123706190102,0.006117673882656375,0.0037380071193829152,-0.006041199204561958
49.31999999999876,7.7508940904855,0.006681235510548198,0.007292768855787981,-0.005250464555102689
49.329999999998755,7.741499926098457,0.0071986733305643615,0.002492299291177105,-0.006526280022496776
49.33999999999875,7.731271993809217,0.012212764605950133,0.002580498714654787,-0.006571737675380551
49.34999999999875,7.740851759154029,0.006399402628201909,0.0025444191084833655,-0.006644396468153909
49.35999999999875,7.7313320424607666,0.006653736033261339,0.0032333381072071777,-0.006537001521087997
49.36999999999875,7.720835668376291,0.008409712370946306,0.0034430056185817434,-0.006544553654619358
49.379999999998745,7.730245150369704,0.006540560440702089,0.0034449248728322885,-0.00657847278639747
49.38999999999874,7.720792465133163,0.012925416433018888,0.003273722334014727,-0.00668313065212669
49.39999999999874,7.710077602991106,0.0053647697841852846,0.0036341948080049957,-0.006504186375643264
49.40999999999874,7.719224228871393,0.005691344845982611,0.003326966467056106,-0.00669000479595409
49.41999999999874,7.709808792947935,0.012006962521182813,0.003400996840478732,-0.006775295698347163
49.429999999998735,7.698916771364062,0.004444720084847084,0.003591364295134579,-0.006529150997261599
49.43999999999873,7.707898314773598,0.004821640152922894,0.003143269814750407,-0.006787282611651593
49.44999999999873,7.698655145979065,0.011161244074852006,0.003421453069110879,-0.00685522721999683
49.45999999999873,7.687608644126558,0.003884920884137493,0.003504589131042463,-0.006615507644825131
49.46999999999873,7.696467621741967,0.0036911571509093883,0.002963403253351892,-0.006860754963198253
49.479999999998725,7.687557690019305,0.010120429767909233,0.0033694136586269806,-0.006906589474570534
49.48999999999872,7.6763741690980565,0.00786072723639078,0.0033750415643047076,-0.00668040302907905
49.49999999999872,7.685105284460744,0.0009757771937993982,0.0027947504507353535,-0.0067095699867746475
49.50999999999872,7.676658218209589,0.007616548429837061,0.003271922896044768,-0.006806299407155585
49.51999999999872,7.665295489800585,0.0012175141499154067,0.00330219912791932,-0.0066838684141919845
49.529999999998715,7.6740177641765515,0.0012270165173049131,0.0026242472159753467,-0.006682170401811938
49.53999999999871,7.666639881722763,0.007294269703255641,0.0031164701423523145,-0.006776071592989449
49.54999999999871,7.655090898771432,0.006007714313369695,0.0031650707133226612,-0.00681868316972916
49.55999999999871,7.663687280005341,-0.0013587961509312584,0.0024912310710964824,-0.006733461682410736
49.56999999999871,7.65824832384916,0.005496713206977685,0.0029156032234461155,-0.006575215732005998
49.579999999998705,7.646269453130966,0.004091588978567678,0.0030561467425160027,-0.006707506175803122
49.5899999999987,7.654426763185409,-0.0022789284982724736,0.0023601516216989393,-0.006650258343866355
49.5999999999987,7.6566985302356665,0.004223456763331846,0.0024992065556701222,-0.006479652873161823
49.6099999999987,7.643768613075942,0.0031267529243193598,0.0029567994171490553,-0.006564036305507837
49.6199999999987,7.646747287674329,-0.002276029323985821,0.0023885189285524867,-0.0064897454178965835
49.629999999998695,7.652837912772426,0.002587438524776882,0.0022549329355752317,-0.006354394372668058
49.63999999999869,7.639649982318684,0.0020638395088185546,0.002848817080360196,-0.006409529015367287
49.64999999999869,7.629288863859849,0.0007702382100897736,0.0026852809294438,-0.006251239209016065
49.65999999999869,7.6387824482357765,-0.0011819822276967805,0.0020369023930836205,-0.006182835600192768
49.66999999999869,7.631043264085929,0.0010954163586928307,0.0027474867151985865,-0.006221563121431727
49.679999999998685,7.620117375847331,0.0002933354878390799,0.0029484322628554388,-0.005996630246670382
49.68999999999868,7.629536983339899,-0.0028517413941972413,0.0024591648552183603,-0.005888449820539883
49.69999999999868,7.634265072619104,0.0007417400879246721,0.0027570543561886915,-0.005983572931303775
49.70999999999868,7.621521737568337,0.00030633760638126205,0.0034098746594496813,-0.005688963834996067
49.71999999999868,7.615143731912645,-0.00018681796684103145,0.0033125535133515407,-0.005513553344076546
49.729999999998675,7.6247864156409815,-0.0005461913222312009,0.0029498161266597357,-0.005647871087306525
49.73999999999867,7.616414737035701,-0.0004949491900471269,0.003597874011653501,-0.005378073484299342
49.74999999999867,7.6076360212826755,-0.00075109463520276,0.0036492553292917958,-0.0051905588165427835
49.75999999999867,7.617917372635413,-0.0009302899258541423,0.0031583910079198804,-0.005157074273197222
49.76999999999867,7.624268766895117,-0.0006615152663217029,0.0033545222189235945,-0.005023577478410091
49.779999999998665,7.612030000074839,-0.0008390722969261265,0.003930020416689774,-0.004819361979339739
49.78999999999866,7.615885796312577,-0.0009402209279371393,0.003495235774440077,-0.0047676043293766015
49.79999999999866,7.624535382944161,-0.0009177912431181238,0.0034192446870442354,-0.004674141260629641
49.80999999999866,7.612952963697158,-0.0008908218888088881,0.003994182699202911,-0.004489223699226698
49.81999999999866,7.605613061354661,-0.0009719081851174347,0.0038566342814491546,-0.004398238852095786
49.829999999998655,7.616367356274806,-0.000923025135471113,0.003369505391503153,-0.004348200519657495
49.83999999999865,7.622092795425007,-0.0007818005618242085,0.003496495857797901,-0.00421746989260144
49.84999999999865,7.610406461940251,-0.0008460030378575228,0.0039026493018677207,-0.004057949555850451
49.85999999999865,7.616647959915979,-0.0007979331421222226,0.003385758755971117,-0.004000541768381169
49.86999999999865,7.624811271812455,-0.0007951746612010909,0.0033005487419532475,-0.0038890121691811212
49.879999999998645,7.613286185662337,-0.0008162613893195428,0.003710200302558786,-0.003724072693569322
49.88999999999864,7.607595382421163,-0.0008103619026746229,0.0034618895053893915,-0.003627633469622585
49.89999999999864,7.618470054205187,-0.0007482953046591958,0.002975492120970597,-0.0035487358133894768
49.90999999999864,7.6236260019440145,-0.0006972043406897947,0.0030138239431054263,-0.0034132588596558835
49.91999999999864,7.612676676544062,-0.0007405189546264562,0.0032512726441634152,-0.0032596173855939515
49.929999999998635,7.620697226907838,-0.0006662323799901541,0.002685808328565094,-0.003177482033700697
49.93999999999863,7.628717556622541,-0.0006825123750169929,0.0025609623805830884,-0.003050431696341662
49.94999999999863,7.61747633010244,-0.0007321244879905479,0.002815541202875359,-0.002889125051136432
49.95999999999863,7.623068844989038,-0.0006673934728173542,0.0022911561312808346,-0.0027922494954613834
49.96999999999863,7.632240787421104,-0.0006819107967881143,0.00206303918868825,-0.0026667793989435767
49.979999999998626,7.621408389408941,-0.0007419053845515272,0.0022776065090986076,-0.0025045621637850915
49.98999999999862,7.62636206739305,-0.000692907266220584,0.0017798200704297366,-0.002395528029721862
49.99999999999862,7.635852318935036,-0.0007132468163290873,0.0015197749408670596,-0.002265486632333979
50.00999999999862,7.625357505603625,-0.000776237890611326,0.0016820762038139158,-0.0021040261901793126
50.01999999999862,7.6310976995268875,-0.0007462423428772133,0.0011963862360024613,-0.0019854413834156245
50.029999999998616,7.640462614765995,-0.0007774736654591532,0.0009517442511173261,-0.0018482637177510293
50.039999999998614,7.629968950407884,-0.000837123905499047,0.001065075235891938,-0.0016877764436037984
50.04999999999861,7.6364518670577795,-0.0008285083928304958,0.0006029579361163726,-0.0015604080294775498
50.05999999999861,7.645768216818439,-0.0008669947187676411,0.0003794370752329648,-0.0014172279381422259
50.06999999999861,7.635295077121633,-0.0009184439499821844,0.00045090995142837336,-0.0012577541884996398
50.079999999998606,7.6423083372220155,-0.0009282054723415408,3.2481205013834796e-05,-0.001122182781146912
50.089999999998604,7.65166896832058,-0.0009682583718894516,-0.0001673297708959962,-0.0009745440416635455
50.0999999999986,7.641283318478415,-0.0010122082109078965,-0.000131387549814508,-0.0008164022962811612
50.1099999999986,7.648745920376222,-0.0010464434308567541,-0.0004906027362946475,-0.0006740365800509377
50.1199999999986,7.6581962461408075,-0.0011091738036117067,-0.0006624805965777308,-0.0005236239359161058
50.129999999998596,7.647937928181024,-0.0011696127188408267,-0.0006561794079421951,-0.0003674244709625287
50.139999999998594,7.655815158026682,-0.001247030973643163,-0.0009465740446117171,-0.00022033313414766047
50.14999999999859,7.665391925304933,-0.001342386074371203,-0.001087709067060076,-6.882123336604194e-05
50.15999999999859,7.655290599424276,-0.0014166610031190682,-0.001104896421189016,8.488814577628745e-05
50.16999999999859,7.6635568938767005,-0.0015443641986751188,-0.0013227585401397255,0.00023379798687622004
50.179999999998586,7.673293975370429,-0.001671237189667398,-0.0014323072011036375,0.00038384147054715983
50.189999999998584,7.663375697573453,-0.0017508369520517835,-0.0014661336492460693,0.0005335133856707533
50.19999999999858,7.672009664762846,-0.001930057495706655,-0.0016132972543454807,0.0006806401066170145
50.20999999999858,7.681934571287493,-0.0020807565507859347,-0.001691860323186784,0.0008264442675156564
50.21999999999858,7.672220929252343,-0.002151810071655767,-0.001734417623564724,0.0009702892702190449
50.229999999998576,7.6812032031760555,-0.002376987787860316,-0.001817302046713132,0.0011119622141893886
50.239999999998574,7.691334813811529,-0.002538557643311216,-0.0018735446059081964,0.0012508635247960498
50.24999999999857,7.681841039782123,-0.0025846975537546727,-0.001941042694103107,0.001387435199344223
50.25999999999857,7.691151610786516,-0.002845518876381588,-0.0020091746593455845,0.0015215730495703019
50.26999999999857,7.7014994742526595,-0.003003347073654238,-0.0020867818935969397,0.0016530270245359673
50.279999999998566,7.692233908762891,-0.0030096608620241707,-0.0022123912703416637,0.0017831981279536017
50.289999999998564,7.701851376033243,-0.003295367679935828,-0.0022611949662420666,0.0019088719403219942
50.29999999999856,7.712417377703076,-0.0034381584441921563,-0.0023531307363458456,0.002032669748013785
50.30999999999856,7.703382652930953,-0.003395325203895333,-0.002539520672363977,0.0021574446854280235
50.31999999999856,7.713284323256716,-0.003697558880504072,-0.002545864142267809,0.0022729524337082936
50.329999999998556,7.724064141955058,-0.003817103657405749,-0.002641238348757373,0.002388425453145506
50.339999999998554,7.715257805569241,-0.0037187728667683107,-0.0028853486836369216,0.002508393604564488
50.34999999999855,7.725419747691931,-0.004031072003698751,-0.0028277905110691342,0.002611704771060616
50.35999999999855,7.7364040832802115,-0.004122542741739401,-0.0029160397864157407,0.0027172737944682612
50.36999999999855,7.727819216597548,-0.0039663263032969345,-0.0032122646673392002,0.0028324137144368575
50.379999999998546,7.73821659732178,-0.004285366370847122,-0.0030753841026610854,0.0029225080182233203
50.389999999998544,7.749392326727936,-0.004347242519604508,-0.0031491758758826153,0.0030134939731328945
50.39999999999854,7.741018129998584,-0.004133598614284041,-0.0034919482955152736,0.0031264271758673634
50.40999999999854,7.7516256405710795,-0.004458716720042948,-0.003267687402763455,0.0032030724307189704
50.41999999999854,7.7629768492402755,-0.0044941586869662545,-0.003326421704674076,0.003164853628599437
50.429999999998536,7.75479917330585,-0.004223667821796817,-0.003709699705900668,0.003349139631098891
50.439999999998534,7.765591466734663,-0.00455495891057955,-0.0033953030417400885,0.003456203324249715
50.44999999999853,7.777100339900338,-0.004565577972880036,-0.0034396945727267775,0.0033142114012418055
50.45999999999853,7.7691021739435175,-0.004241739945585901,-0.0038616969833376123,0.0035447914326979697
50.46999999999853,7.780054286148235,-0.004581727255298505,-0.0034617613486267814,0.0036750936089384686
50.479999999998526,7.791701899200267,-0.004568075848513317,-0.0034933369728798293,0.0035164402485970297
50.489999999998524,7.783863889735166,-0.004195310661475735,-0.003952696482911161,0.0037471314471182746
50.49999999999852,7.794951676151046,-0.004548076869856856,-0.00347407513201397,0.0038627273394204356
50.50999999999852,7.806718703536567,-0.004512307176327554,-0.003495964005446191,0.003697358481053053
50.51999999999852,7.7990196507519105,-0.004093749125843812,-0.003988702768780397,0.003926612545751219
50.529999999998516,7.810220093431747,-0.004462679943884407,-0.003439869785080028,0.004018904245148727
50.539999999998514,7.822087322639947,-0.0044066527020907185,-0.003456029750458036,0.0038422657774478267
50.54999999999851,7.8145046338310085,-0.003944957196173399,-0.003976555149769847,0.004065780052790797
50.55999999999851,7.825796069351792,-0.004332831109779154,-0.0033680694879359716,0.004133755669325952
50.56999999999851,7.837744840132851,-0.004257333038124543,-0.0033819762576074307,0.003945770811259844
50.579999999998506,7.830255060880272,-0.003754688402430171,-0.003922104706596819,0.004155021736926762
50.589999999998504,7.841617408653004,-0.004163451856044952,-0.0032673884669529554,0.004202331062218389
50.5999999999985,7.8536300615367445,-0.004068093176352194,-0.0032810910334757884,0.004005460022246039
50.6099999999985,7.8462101918572,-0.0035271665837506815,-0.003829657348501115,0.004166287890830317
50.6199999999985,7.85763133929554,-0.003957564511508699,-0.003146345820607244,0.0042129225766340695
50.629999999998496,7.869699453352213,-0.0038407801393055925,-0.0031582982006011797,0.004018103984027865
50.639999999998494,7.862328694089464,-0.0032679297626203555,-0.0037029124821288902,0.004001814004877613
50.64999999999849,7.873798846539526,-0.0037621649363358176,-0.0030172198787865373,0.004087324477670434
50.65999999999849,7.885908558277314,-0.003997806185429246,-0.003013318055429418,0.004000996581869801
50.66999999999849,7.878559608588432,-0.0038370461386846217,-0.003520248822231856,0.00393430175077754
50.679999999998486,7.890048934577371,-0.004743036309045743,-0.0028806333901687663,0.004010740017608267
50.689999999998484,7.902152378263085,-0.004983187961346478,-0.0028362773783605416,0.004083819162371887
50.69999999999848,7.894749692458424,-0.004755346557753478,-0.0032706443184008335,0.00395277366892705
50.70999999999848,7.906177308681948,-0.005625095550681646,-0.0027765303200529647,0.0037556689949509036
50.71999999999848,7.918189790809441,-0.005784994245177194,-0.002640106846393308,0.00391142731458234
50.729999999998476,7.910644646878377,-0.005501396792365587,-0.0029769123208482624,0.0038179243491149807
50.739999999998474,7.92192372803473,-0.0063142790088155645,-0.0030393356719904804,0.0036826643700164988
50.74999999999847,7.933761002545185,-0.006402493690684706,-0.003017634736445266,0.003864213679023459
50.75999999999847,7.925993323700081,-0.006083865340230748,-0.0033889135009132405,0.0037993902718445475
50.76999999999847,7.937055815925485,-0.006820266366345378,-0.004037311271477476,0.0037782195311474817
50.779999999998466,7.9486615559604985,-0.0068330413693609504,-0.003553848063613221,0.003858536701018157
50.789999999998464,7.940619492056709,-0.006497146181583712,-0.0008554194039810167,0.0031318735430164017
50.79999999999846,7.9513996273873,-0.007122006694122116,-0.005511622032475418,0.003966648426082487
50.80999999999846,7.962695175189781,-0.007048553798797865,-0.005558324164439097,0.004157793690677533
50.81999999999846,7.954316654729276,-0.006708729709151736,-0.005433720380337448,0.003978779924248663
50.829999999998456,7.964822957545109,-0.007189378550983897,-0.005525612362964927,0.0038347356793191584
50.839999999998454,7.975862341183012,-0.007032066053030498,-0.0008905094423059383,0.0029791135678986715
50.84999999999845,7.967140799602848,-0.006719822354061117,-0.006999819337943085,0.004157863985573389
50.85999999999845,7.9772967195425855,-0.006984104838882466,-0.00671351772465174,0.003924832261648975
50.86999999999845,7.988013635793625,-0.006751133034587178,-0.004658103686805553,0.003629295018574818
50.87999999999845,7.978969873558036,-0.00655218708169704,-0.002603261523704275,0.0029881345029652995
50.889999999998444,7.988819680241159,-0.00647297884779296,-0.0076059946116848265,0.00392248248718346
50.89999999999844,7.999210493347607,-0.006233513655764473,-0.006668021391067175,0.003861105604998015
50.90999999999844,7.989826934230188,-0.006309275405705279,-0.0023728198306026517,0.0027129221353219403
50.91999999999844,7.999387437264008,-0.005576961861087927,-0.007934680366906999,0.0037586625518904286
50.92999999999844,8.00950913654528,-0.005531540676040838,-0.006352380808830736,0.003541737354440513
50.939999999998435,7.999830152308142,-0.007041304563976707,-0.002652820781591388,0.0025249005337772265
50.94999999999843,8.009108197303739,-0.003947006119398858,-0.00797286687106717,0.0034932920220941627
50.95999999999843,8.01898167567207,-0.0041315726892380495,-0.002306342518556786,0.0023818441456160467
50.96999999999843,8.009026013503085,-0.009877967499494095,-0.007538667075098306,0.003309023244842604
50.97999999999843,8.01801790812675,-0.001853130816893502,-0.007663881103806867,0.0031151591240521585
50.989999999998425,8.027667297658926,-0.0017301187120576896,-0.001296051310356598,0.0018584887852195076
50.99999999999842,8.017503570877727,-0.0028914715425096024,-0.0031904850883405817,0.002072324346257041
51.00999999999842,8.026327922261427,-0.0016601733007465163,-0.008262596632126093,0.002929173116239664
51.01999999999842,8.03589899357802,-0.0069765323789800476,-0.002118419842100245,0.0017029946240321634
51.02999999999842,8.025585604296552,-0.0011767084884953035,-0.003167796371310846,0.0017301036188323163
51.039999999998415,8.034177166633194,0.00027532461783935815,-0.00791304771845779,0.002499937118075208
51.04999999999841,8.043633850603086,-0.001878952027058446,-0.001559418831734411,0.0011714344401067098
51.05999999999841,8.0332633567056,-0.005611436212736422,-0.0024947828203618697,0.00120640279670373
51.06999999999841,8.041724329145717,0.0016827501176066855,-0.0073180773587249075,0.0019897111878299676
51.07999999999841,8.051079471966295,0.0006328006561616553,-0.0006064441554770683,0.0006147802622936173
51.089999999998405,8.040623662873447,-0.004604832289136064,-0.0017963777582494073,0.0007187005814991677
51.0999999999984,8.048939559349092,0.0023164036856797854,-0.006497876696660589,0.0014729671687790228
51.1099999999984,8.058256875918456,-0.0028432373815999827,0.0002886717963259318,0.00010717718613064304
51.1199999999984,8.047709132164796,-0.001886390045680474,-0.0009159565185845403,0.00022208391850166072
51.1299999999984,8.055771043085276,0.0033008081568607693,-0.0055841246589191365,0.0009602656778704369
51.139999999998395,8.065017665067225,0.002532829877102722,0.0010189593175426242,-0.00033875638548959696
51.14999999999839,8.054436284553487,-0.002521771857284164,-3.417062013553623e-05,-0.0002432536227979209
51.15999999999839,8.062312464252312,0.0028496658178633048,-0.004439934252011322,0.000430840439329989
51.16999999999839,8.071521490682047,-0.001454889961807267,0.0016033124576749517,-0.0007429006647998958
51.17999999999839,8.06083542595509,-0.0006687412169183929,0.0007081491884403456,-0.0006932391153269095
51.189999999998385,8.068340554371032,0.0038545245328671096,7.619736424188434e-05,-0.0006435599978492986
51.19999999999838,8.077432304274176,-0.0006453939657969302,0.0012461817321111368,-0.0009768964210358827
51.20999999999838,8.066585896339395,0.00013650158547428881,0.0004167614901296191,-0.0009683756799645534
51.21999999999838,8.07365073783175,0.004159541839011625,-0.0038483266241352235,-0.0003544023228010542
51.22999999999838,8.08268646669865,-0.0002460714009901283,0.002384994211803197,-0.0014879251328867372
51.239999999998375,8.071783429498275,0.00040677438123597345,0.0016287699403853071,-0.0014988504605309484
51.24999999999837,8.078369785984396,0.00420528873677455,0.0018279590345512517,-0.0014542819570571848
51.25999999999837,8.087319914207116,8.028835178803063e-05,0.0016105868224612623,-0.001606271897070224
51.26999999999837,8.076243563943363,0.0005377042003825241,0.0014877875434944079,-0.0017751751469772038
51.27999999999837,8.082129523021798,0.0016625143546302765,-0.0014122492439759984,-0.0014704195745387156
51.289999999998365,8.091056378622152,0.0011122158183439089,0.002474369415779964,-0.002159695207679732
51.29999999999836,8.079890790842743,0.0013599893365330695,0.0019965474384227863,-0.0022286629472398753
51.30999999999836,8.084871293084792,0.004841263019507358,0.002294511282017043,-0.002388443529785621
51.31999999999836,8.093858358942803,0.0005412814916955451,0.0021535941728377437,-0.0024879964415434556
51.32999999999836,8.082651947084962,0.0007861943331761481,0.001860206120111132,-0.002570434539225642
51.339999999998355,8.086076714513567,0.0010744319358338102,0.0019677373724029576,-0.0027026512125549085
51.34999999999835,8.095268975446903,0.0013554367399821678,0.0021348911033323022,-0.002839774285846744
51.35999999999835,8.084229175813455,0.0012243263334060272,0.0018403971964691815,-0.0029158972054820404
51.36999999999835,8.079810940816284,0.0015977358174726515,0.0018045439104371638,-0.003025158980406808
51.37999999999835,8.089971125893264,0.0013573816764571366,0.002151454322818255,-0.00318183178705511
51.389999999998345,8.083203688302723,0.0013126676539001497,0.001983347941980867,-0.0032704398943827363
51.39999999999834,8.075349188538882,0.0014590343208851105,0.001895639119752954,-0.0033686613872015705
51.40999999999834,8.085916817643541,0.0014250855873941394,0.00231709496250327,-0.0035288399484631775
51.41999999999834,8.093455888680857,0.0011735104758212437,0.002528072569695535,-0.0036587845037572763
51.42999999999834,8.081374574367782,0.0013924281640216123,0.001953347897913713,-0.0036934772091998915
51.439999999998335,8.08716611532094,0.001376111051953066,0.0024237880442035385,-0.003852789714977818
51.44999999999833,8.095319031604408,0.001326462911958008,0.002493940903136115,-0.0039614487327550634
51.45999999999833,8.083269016875736,0.0014104221693970972,0.002044926353149966,-0.004007675863087885
51.46999999999833,8.076773789080914,0.0015066507017993615,0.002156145714464437,-0.0041206178349036905
51.47999999999833,8.086933409630625,0.0013773675782289378,0.0026687201696505964,-0.004272186819589627
51.489999999998325,8.089518063498675,0.001328817114398253,0.002636190045841951,-0.004357650220639414
51.49999999999832,8.07792838830545,0.001516953295854697,0.0022378727515191266,-0.004408891463549905
51.50999999999832,8.0853580278701,0.0013962749015835382,0.002840312394311777,-0.004560624570097349
51.51999999999832,8.091127496840222,0.0014436093341617816,0.0027838527876413287,-0.00463686019686967
51.52999999999832,8.07863723988965,0.001637667466281304,0.0023139414051544295,-0.004675498227861926
51.539999999998315,8.07152729482926,0.0016761568042784666,0.002463017442071078,-0.004775693268946466
51.54999999999831,8.081345795398972,0.0015304239386699089,0.0029944352095766322,-0.004899020211330871
51.55999999999831,8.073899144208529,0.0017436109527618736,0.002536545566550106,-0.004934173719218136
51.56999999999831,8.06417661407387,0.0017951523513128353,0.0025620870284442975,-0.005013424516975478
51.57999999999831,8.074128662973301,0.0016211676652598537,0.003157090915558967,-0.005129975583146804
51.589999999998305,8.080102731586186,0.0016999249695449717,0.003075624375973008,-0.005190804228777849
51.5999999999983,8.0673775099197,0.0019814639042882885,0.0025884572803296715,-0.005216054116710227
51.6099999999983,8.060441579675542,0.001991709948662587,0.0027425942045245675,-0.0052888556383667755
51.6199999999983,8.070308906390538,0.0018418350012853887,0.00319464329254981,-0.0053870340733606715
51.6299999999983,8.062689005930512,0.0021284834976922793,0.002736541473788508,-0.005377721976209476
51.639999999998295,8.052941788101936,0.002186866259248127,0.0027567028660775397,-0.00546742552298709
51.64999999999829,8.062856805241113,0.001984712436207714,0.0032708841624732145,-0.00554577364685733
51.65999999999829,8.068288428244058,0.002110382477470412,0.0031564156857984515,-0.0054114474402152815
51.66999999999829,8.055627812333658,0.0024007832164138123,0.002745230013230832,-0.005544970949172716
51.67999999999829,8.048213844370636,0.002390666339025288,0.0028649305852404775,-0.00568198647096833
51.689999999998285,8.058098954528127,0.0022318880953445387,0.0032409325157325727,-0.005515924540892951
51.69999999999828,8.050020763252313,0.002531356206483827,0.0028247035868329503,-0.005650204158672641
51.70999999999828,8.040252099283721,0.0025788000179075904,0.0028426940005685437,-0.0057982109565441475
51.71999999999828,8.050178650811846,0.002376837430265587,0.003244692394147075,-0.005626008835957938
51.72999999999828,8.054136057829805,0.002510953225644897,0.003094872139283458,-0.005763270767614086
51.739999999998275,8.041831043522052,0.0027565861978830907,0.002800425608702744,-0.005892361130029394
51.74999999999827,8.035605113721868,0.0027257849418930746,0.002903464169880503,-0.005700265582693779
51.75999999999827,8.045072832285204,0.0025775506354476416,0.0031369632547149713,-0.005841006758877069
51.76999999999827,8.035533757161458,0.002852351452685895,0.0027876695178572983,-0.005961873258755612
51.77999999999827,8.026380081907583,0.0028710629307807972,0.0028220596749677115,-0.005756908086419433
51.789999999998265,8.036450008152816,0.0026804424613232902,0.003078528275625139,-0.005876544100946897
51.79999999999826,8.02962665703772,0.0029072428773347578,0.002788176737155232,-0.005994653846430073
51.80999999999826,8.019454988937282,0.0029614824376452517,0.002757264012857066,-0.005779613015416189
51.81999999999826,8.02932889246857,0.0027740448440125216,0.002972413561046366,-0.005851136099364937
51.82999999999826,8.023629233176802,0.002958226449450837,0.002726048120720249,-0.005979688781370593
51.839999999998255,8.013236393727732,0.0030144602093648996,0.002671706688030196,-0.005763512276150917
51.84999999999825,8.022906243068448,0.0028482113966151125,0.002828973738786974,-0.005639150200104488
51.85999999999825,8.01671590873108,0.0030000301178984426,0.0026096336379873865,-0.0058231614137395785
51.86999999999825,8.006625370366503,0.0030320391492261135,0.0025590790537280816,-0.005701835669285468
51.87999999999825,8.01648054904585,0.0028885402161905843,0.0026552811531281684,-0.0055392554112698115
51.889999999998246,8.009754353091258,0.0030089232145040536,0.002463035720145571,-0.00572199614032415
51.89999999999824,7.999930593720837,0.0030181266164920465,0.002424494905517268,-0.0057528630998993635
51.90999999999824,8.00999149071978,0.002900833165866533,0.0027117554411499184,-0.005533517482767702
51.91999999999824,8.002969862623752,0.0029863474235621084,0.0028992914657180848,-0.0056055182290230595
51.92999999999824,7.993323203780123,0.0029801809593188715,0.003195158340996878,-0.005665910050449568
51.939999999998236,8.003522975939914,0.002891048218202957,0.0035128172758613265,-0.0054147062565322816
51.949999999998234,7.996289626035296,0.002938430695595956,0.0037082225494146225,-0.005225910615909592
51.95999999999823,7.986777368911546,0.0029181105540748704,0.003972444112296994,-0.005365149709848417
51.96999999999823,7.997077229184765,0.0028588368610274156,0.00419155362355224,-0.005151536990998331
51.97999999999823,7.989664615715185,0.002859800830707786,0.004396000720933255,-0.004941129062888782
51.989999999998226,7.980263376319623,0.002828831153509705,0.004620819172171242,-0.005061429483251755
51.999999999998224,7.9906474212846925,0.002803022132136348,0.004730474159353905,-0.00484505368424407
52.00999999999822,7.983087884777544,0.002753926693417328,0.004946910737465365,-0.0046237055031720055
52.01999999999822,7.973784737672843,0.002713743847219616,0.0051257908063386355,-0.004727747768628246
52.02999999999822,7.984249927766053,0.0027240696885417583,0.005114698285115134,-0.004505609290598869
52.039999999998216,7.9765813846216815,0.0026218112895865274,0.005341721339191617,-0.004269483289678982
52.049999999998214,7.967375012174282,0.0025742436587266088,0.005465510899772775,-0.004351141602538834
52.05999999999821,7.977929407846402,0.0027102949877477684,0.005321552047089513,-0.004130466771442697
52.06999999999821,7.97019480289056,0.0027910259907542646,0.005555621039551185,-0.003881224442530918
52.07999999999821,7.961093462098931,0.0029735234277332434,0.00561421212845937,-0.003906523155450919
52.089999999998206,7.97174883589095,0.0032911476643153145,0.005327378001805408,-0.0037131339862833644
52.099999999998204,7.963983546499126,0.0032979509716614098,0.005566615593979377,-0.003467400655472559
52.1099999999982,7.95498974383048,0.0034524604960356926,0.005550516215502584,-0.0033191189027448175
52.1199999999982,7.965750298447019,0.0037817956899667154,0.0051165175228698664,-0.0032102130355864786
52.1299999999982,7.9579821910900845,0.0037113857115717913,0.005363057751361619,-0.003013465660491416
52.139999999998196,7.949097421043857,0.0038368958345131056,0.005274945784024269,-0.0028661662158456147
52.149999999998194,7.9599664726548705,0.0041749736023151685,0.004693179596342656,-0.0027807692627876985
52.15999999999819,7.9522188171114925,0.0040328897168806135,0.004951233652706343,-0.0025975540683083305
52.16999999999819,7.943443434967772,0.004130194747798593,0.004795821375048329,-0.002461805350762955
52.17999999999819,7.954421585852473,0.004471495972764032,0.004074970500809254,-0.002397579775661425
52.189999999998186,7.946710830841314,0.004261046034718003,0.004353031499082725,-0.0022125691349845896
52.199999999998184,7.9380416328969945,0.0043280728421800085,0.004140583641646989,-0.00208588513850492
52.20999999999818,7.949124656163433,0.004664126021057941,0.0032983796436599913,-0.0020424132125624775
52.21999999999818,7.9414587797953216,0.004386856004516939,0.003607349924547212,-0.0018485230481654767
52.22999999999818,7.932886676276168,0.004420172524644456,0.0033531899208001596,-0.0017268948605215066
52.239999999998176,7.944063799728877,0.00474160697039111,0.002416779411316953,-0.0017006975176159255
52.249999999998174,7.936441351221487,0.004398957709773323,0.0027667755601772205,-0.0014936138846277484
52.25999999999817,7.927950132078133,0.0043957324600824065,0.0024897244749368837,-0.0013725620788102271
52.26999999999817,7.93920347905785,0.004694234787342065,0.0014953829361253699,-0.0013575055140962722
52.27999999999817,7.9316138399189295,0.004289016947863169,0.0018917822986160918,-0.0011348716624516315
52.289999999998166,7.9231804866136075,0.0042486507404784855,0.0016118122156257642,-0.0010100797462289932
52.299999999998164,7.934486039003112,0.004518354232786839,0.0006028225521811366,-0.000997834698415024
52.30999999999816,7.926911197423355,0.004055860574847126,0.0010426920575342651,-0.0007587202895645406
52.31999999999816,7.918507815753644,0.003981093568545687,0.0007779644633423128,-0.0006259857503413212
52.32999999999816,7.929837830142601,0.004219197212973365,-0.00020011764836951566,-0.0006071494330686727
52.339999999998156,7.92225548652445,0.0037079279971048507,0.00027069987202801984,-0.000352669901476872
52.349999999998154,7.913852458519475,0.0036053327654764337,3.479656066340717e-05,-0.000208623799894865
52.35999999999815,7.925178800426049,0.0038117890150010584,-0.0008710019081587886,-0.00017431450050015045
52.36999999999815,7.917566150175078,0.0032637744379890505,-0.00038924181841681877,9.232925494800574e-05
52.37999999999815,7.909135695806345,0.0031435766350683234,-0.0005888306041498417,0.000249549136928303
52.389999999998146,7.920433239702554,0.003319755854690847,-0.001390749998005156,0.00030615311667093873
52.399999999998144,7.912770541074129,0.0027506098086187295,-0.0009209365830672465,0.0005803062550255472
52.40999999999814,7.904289778097567,0.0026258639103599562,-0.0010824973549043988,0.0007508379944420667
52.41999999999814,7.915539046264812,0.002772169270352927,-0.0017612607590697508,0.000833644666297544
52.42999999999814,7.907812219702297,0.002201267265103875,-0.0013244211347887393,0.001110128568955128
52.439999999998136,7.899265085085483,0.002086459955509188,-0.0014502805745395188,0.0012926438438518918
52.449999999998134,7.910453657679994,0.002198883513073391,-0.0019989772366147455,0.0014025047526156603
52.45999999999813,7.902655368392965,0.0016505218670930216,-0.001610462218044431,0.0016765573275043454
52.46999999999813,7.89403205599053,0.001559468617261495,-0.001704728686962926,0.001868794643907122
52.47999999999813,7.905154522384808,0.0016250851004356223,-0.002210373165554499,0.001989222081183045
52.489999999998126,7.897279974842837,0.0011322387885663167,-0.0017960872149688834,0.002271583175858806
52.499999999998124,7.8885759093608065,0.00107422585291087,-0.0018873939784932437,0.0024665482732016495
52.50999999999812,7.8996325548178925,0.001066106397119244,-0.002448150657270655,0.002578414360531652
52.51999999999812,7.891684830932052,0.0006806065253670593,-0.001986813750208894,0.0028706354642564443
52.52999999999812,7.882899066959371,0.0006487600132304228,-0.002103993411395551,0.003061090584867804
52.539999999998116,7.893889338880992,0.0005255386834886138,-0.002680582878298856,0.003169423636308035
52.549999999998114,7.885871667740472,0.0003402875320440664,-0.002207543839553871,0.003463135818489313
52.55999999999811,7.877002557644654,0.00026612175059284485,-0.0023318853574979797,0.0036502675754083494
52.56999999999811,7.887924237023979,8.644970220410979e-06,-0.002862604655263906,0.0037642553882265544
52.57999999999811,7.879839705531134,0.00021770077767042099,-0.0024448479741399636,0.004045571527555473
52.589999999998106,7.870884248682586,-0.00022913206869164493,-0.0025311305660513693,0.004235173679772196
52.599999999998104,7.881733990424309,-0.0004172955018379894,-0.0029688423862256432,0.004361890862834933
52.6099999999981,7.873587445323954,0.00393654481186943,-0.002729921571612009,0.004606934649151976
52.6199999999981,7.864511554976302,-0.0015866294157258105,-0.002628062641602364,0.004815213475697043
52.6299999999981,7.8752274934974205,-0.0015802235099064833,-0.0029973720707107254,0.004951377405080999
52.639999999998096,7.866987056433659,-0.0013537679038479575,-0.0031498960660838434,0.00512429983503012
52.649999999998094,7.8578405505402875,-0.0001569714941944672,-0.002467855735102877,0.005439685672216491
52.65999999999809,7.868527425910853,-0.0017435840813159928,-0.0030076922097075943,0.00553392794389632
52.66999999999809,7.860261958203108,0.003482578155286094,-0.007052146137850709,0.005013720946627463
52.67999999999809,7.85096251312704,-0.0023722191315100564,-0.0015456482805464651,0.006160317885957412
52.689999999998086,7.86145320365828,-0.002187717350647609,-0.002056931713546713,0.006254292188974745
52.699999999998084,7.8530865293849645,0.0024364570307160017,-0.0019747879213623887,0.0064490364116056445
52.70999999999808,7.843724086672699,-0.0026219463246114198,-0.0031560269935939325,0.00641359154490727
52.71999999999808,7.85420352464159,-0.0023685961677665838,-0.002108378709411901,0.006770056449698763
52.72999999999808,7.845846915310329,0.0022002806761143657,-0.007042237778819903,0.00608483792681473
52.739999999998076,7.836371904178399,-0.002862795096402433,-0.0010550714891351624,0.007286109878882623
52.749999999998074,7.846724167673932,-0.0024199563443813078,-0.0016349165145313883,0.007346277919877178
52.75999999999807,7.838350891193637,0.0018437589898230007,-0.005973836216176709,0.00675625807908522
52.76999999999807,7.828806807194643,-0.0029087515808763217,-0.0008969526746114202,0.007781672563440603
52.77999999999807,7.839107119752968,-0.0024212627868119914,-0.00139154137736814,0.007844476745321413
52.78999999999807,7.830771324244187,0.0014304759720929138,-0.006265990125136598,0.0071561136455998995
52.799999999998064,7.821169887823189,-0.0009203480735214899,-0.0005703013319164748,0.008267601789051124
52.80999999999806,7.831408776572763,-0.003306351357397875,-0.0012007017692027917,0.008293233221341905
52.81999999999806,7.8231178325793405,0.0005785015445784649,-0.006318655078922008,0.007558003856476289
52.82999999999806,7.813461046780599,-0.003602783772962479,-0.0003768147850881191,0.008688544482946554
52.83999999999806,7.823683721985019,-5.638478894548072e-05,-0.0011278466861811712,0.008681240498640195
52.849999999998055,7.815516855772753,-0.00021217231704993326,-0.0062245895320587104,0.007942443240534055
52.85999999999805,7.805801732554877,-0.004235246235565617,-0.0004035108812424439,0.009027950959762053
52.86999999999805,7.815990519772849,-0.0004702792456267022,-0.0009799088702175148,0.00903630476343001
52.87999999999805,7.807985974011247,-0.0002862269319858434,-0.006089977958632729,0.00828858478812389
52.88999999999805,7.798238166827799,-0.004361098307124262,-0.0034736142129812297,0.00882408198630619
52.899999999998045,7.808374953375001,-0.000316751650196694,-0.00010280584296640797,0.00946634701626977
52.90999999999804,7.800506962517825,-0.00048538642493958415,-0.004979438197566562,0.008745220191236382
52.91999999999804,7.790685887540144,-0.003605853172597992,0.00025892594382091776,0.00968477005423464
52.92999999999804,7.800822094509134,-0.0008282945070990231,-0.0008692230483737969,0.00957414590424643
52.93999999999804,7.793276990025606,-0.0005108211384146948,-0.00540720836303235,0.008773332596381758
52.949999999998035,7.783415654486131,-0.0012326459235000782,-0.004229907903145336,0.009115328107894269
52.95999999999803,7.793470674110734,-0.0046642485635247765,0.0004983588034919435,0.009993101317747458
52.96999999999803,7.786164874165414,-0.0003537504559374591,-0.004637041639349207,0.00901491978627835
52.97999999999803,7.776219357941381,-0.0006709061074292706,-0.0028035854909763997,0.00947754461698176
52.98999999999803,7.7862485471362595,-0.0011479833180627896,0.0005178052955433063,0.010149764380848152
52.999999999998025,7.779371580457241,-0.0010081749093377335,-0.004442690308434902,0.009205706491937207
53.00999999999802,7.769257316291775,-0.0014032444531313984,-0.00313942517660731,0.009569960059478133
53.01999999999802,7.779193163621925,-0.0020093163435236272,0.0007943500218645506,0.010315990646157567
53.02999999999802,7.772942759056582,-0.0009864572748669298,-0.004253166186003799,0.009366147391089617
53.03999999999802,7.762626510890703,-0.001301111304641793,-0.0032631751573980396,0.009661210706123378
53.049999999998015,7.772429343216626,-0.0017045336967976947,0.0009762051997301948,0.010424208651022063
53.05999999999801,7.767111247119794,-0.0011222815184034564,-0.004108277268031551,0.009477250988032586
53.06999999999801,7.756506891047765,-0.0014296479941705465,-0.0032630066731451335,0.009711824207953412
53.07999999999801,7.766057412377517,-0.0014610944999695812,0.0010434656748595384,0.010458322919407398
53.08999999999801,7.76336211203386,-0.0012925211677570123,-0.003957369548428633,0.00953821335429908
53.099999999998005,7.752195854104508,-0.0014945783612054474,-0.0031761086217965318,0.009540108765440395
53.109999999998,7.76075846581161,-0.001419687670225459,0.0006133933269422413,0.010251869922488577
53.119999999998,7.758150510904616,-0.0014420737272491512,-0.0037383650175527444,0.009541648351273895
53.129999999998,7.747011105151583,-0.0015579757433616499,-0.0034184926089083174,0.009434762620305194
53.139999999998,7.755406805658811,-0.0014103634483494075,-0.0029562090944480583,0.009690450221700796
53.149999999997995,7.750970281363694,-0.0015679788789861445,-0.003047453300591314,0.009575801699913098
53.15999999999799,7.740080591723968,-0.001635009105637442,-0.0026360549607961693,0.009463911135416834
53.16999999999799,7.749103882892767,-0.0014306385482109735,0.001013056174713371,0.010085250349893852
53.17999999999799,7.752221614186041,-0.0014778462457399994,-0.004642609657203862,0.009247385820369679
53.18999999999799,7.740173354665497,-0.0017089948057101081,-0.004045147056995643,0.009167435043925257
53.199999999997985,7.744733869014735,-0.0015133559754986633,-0.0038938517893052,0.009367345417335153
53.20999999999798,7.751092672365794,-0.0015203873173297892,-0.0035068239858460416,0.00924708526152056
53.21999999999798,7.73843877528087,-0.0018248789061239923,-0.00340139273386614,0.009091886586683126
53.22999999999798,7.728839784357189,-0.0018424988736723026,-0.002380189216705851,0.009361649496694546
53.23999999999798,7.7387882425415,-0.0015325441967539168,-0.0034430770728279257,0.009062433008908587
53.249999999997975,7.731740634922272,-0.0018225415035394345,-0.003511599424686401,0.008877240631038803
53.25999999999797,7.7210065482089165,-0.0018780409034839325,-0.0031674877482132558,0.009050067094367575
53.26999999999797,7.730584953845479,-0.0015473224209852248,-0.0028532880901876554,0.008885730447612754
53.27999999999797,7.735805645437285,-0.0016306116012127613,-0.004089332980352239,0.00857765376986706
53.28999999999797,7.722980266341535,-0.0019551447325414544,-0.0033203203695039685,0.008581249041759715
53.299999999997965,7.716112919525654,-0.0018811679673716693,-0.0028025924531462814,0.008502671603035519
53.30999999999796,7.725714921158025,-0.0016204781270876933,-0.0033780893779982047,0.008309977899154745
53.31999999999796,7.71774122416395,-0.0019482033534799208,-0.0033115865263765964,0.008211296590286448
53.32999999999796,7.7081637685571724,-0.0019568398273241954,-0.003084934945364852,0.008116669955950855
53.33999999999796,7.717997546232406,-0.0016326998103323147,-0.003098403461002793,0.0079880007078859
53.349999999997955,7.724119082342079,-0.0017129680188116877,-0.0034509404425070657,0.007843382066314448
53.35999999999795,7.711256976104506,-0.002039733820179125,-0.002905885579728618,0.007763184500873645
53.36999999999795,7.712600197015964,-0.0017953118458781617,-0.002817038576793196,0.007639041227736354
53.37999999999795,7.7211017908642745,-0.0017106482087167968,-0.0028007638667743332,0.00750717326767934
53.38999999999795,7.709332812915149,-0.002053125722958162,-0.0025408819860960586,0.007389189897454488
53.399999999997945,7.701282983342084,-0.0019741860964621995,-0.0023317919253345795,0.00725958920461809
53.40999999999794,7.711137620702023,-0.001700467134819979,-0.0023571154108478452,0.0071112540222274
53.41999999999794,7.715753648578295,-0.0017883876978790306,-0.0023872562550260354,0.006961355285229366
53.42999999999794,7.703266350816514,-0.002034068232293464,-0.001958555895103874,0.006828277449126055
53.43999999999794,7.708646497524986,-0.0017556438502363927,-0.001942284686747455,0.0066678893773367475
53.449999999997935,7.715725119134254,-0.0017501478155045548,-0.0017258144883453804,0.006512027116437812
53.45999999999793,7.7032346322078515,-0.0020120126314428317,-0.0013994365437682771,0.006354702195882844
53.46999999999793,7.6957781879957,-0.0019175738753704102,-0.0012010436933149917,0.006184633589899832
53.47999999999793,7.70584647156534,-0.0016902249284052196,-0.001151274069960589,0.006005080436183561
53.48999999999793,7.710469491531465,-0.0017575670377444886,-0.0010245297054906498,0.005824898707517624
53.499999999997925,7.698379304843783,-0.0019315417530057879,-0.0006970974446553291,0.005643704769746714
53.50999999999792,7.704689027867709,-0.001703210953467587,-0.0006362518562086188,0.005450121289012042
53.51999999999792,7.71195567939373,-0.0016961009412964092,-0.00040139006186483926,0.005255942051685425
53.52999999999792,7.699870116978709,-0.0018690707752529315,-0.00012096804864234997,0.005056939152592782
53.53999999999792,7.694418404463158,-0.0017715817184145919,3.3192781572521434e-05,0.0048502657841336585
53.549999999997915,7.704614192385307,-0.001622242470328421,0.0001504460989502318,0.004639530530512184
53.55999999999791,7.699940276592757,-0.001726703233164,0.00036792633426338826,0.004425652807154766
53.56999999999791,7.690760843602797,-0.001724408997643992,0.0005183095113859133,0.0042067672005351555
53.57999999999791,7.701342720982658,-0.0015707763392889098,0.0006101966316726697,0.003984297987292111
53.58999999999791,7.709693278367469,-0.0015781343715314117,0.000761796283159018,0.003758648758282261
53.599999999997905,7.698187993996759,-0.0016556737211607124,0.000933763891755391,0.0035286191559533095
53.6099999999979,7.70497996583777,-0.0015445439719000468,0.0010189103251113823,0.0032950693447706433
53.6199999999979,7.713942602388612,-0.0015209511524641335,0.0011601904551619855,0.003057060544940202
53.6299999999979,7.70298026756056,-0.0015512406101755966,0.0012804937009617346,0.0028158489240233744
53.6399999999979,7.7088943286975935,-0.001482732774677554,0.0013505596522022968,0.002572502110333926
53.649999999997895,7.7181211556583325,-0.0014561442541590477,0.0014479116294008698,0.0023256812326752016
53.65999999999789,7.707467030897452,-0.0014375481582991915,0.001521526422268815,0.0020769575954133926
53.66999999999789,7.713134538068069,-0.0014072501297211167,0.0015955223108415325,0.0018257074398021693
53.67999999999789,7.722665463149811,-0.0013837080898197575,0.0017009402789422532,0.0015706847192668157
53.68999999999789,7.712319048790596,-0.0013159911662926995,0.0017840543801983346,0.001314258218739522
53.699999999997885,7.7182296189915505,-0.001324225024891396,0.0019001967693841122,0.0010541365382982935
53.70999999999788,7.72797761791035,-0.0013051412054144087,0.002032358902721061,0.0007906005350394162
53.71999999999788,7.717881591956537,-0.0011882922234214505,0.0021144878479676023,0.0005277744423102468
53.72999999999788,7.724300692049627,-0.001237008033857538,0.002267255573092415,0.00025919549390198126
53.73999999999788,7.734210898037481,-0.0012205790891203021,0.0024122633042446486,-1.1430839169402441e-05
53.749999999997875,7.7243154350684975,-0.0010552026887727679,0.0024767402427235447,-0.00027824327683245254
53.75999999999787,7.7312723151231335,-0.0011462779241406945,0.0026544551209525115,-0.0005539029110110097
53.76999999999787,7.741344926806997,-0.0011306304262928893,0.002795484232834297,-0.0008291826355748588
53.77999999999787,7.731640317538002,-0.0009385245595328167,0.0028274291388857165,-0.001096852172652795
53.78999999999787,7.739092203174936,-0.00115389608120847,0.0030170923245572624,-0.001377514033724268
53.799999999997866,7.74933370181749,-0.0012196639892538442,0.0031401715475407902,-0.00165488444760604
53.80999999999786,7.739816835825482,-0.001035949965803275,0.0031299462915868634,-0.0019208544515435353
53.81999999999786,7.747713274191987,-0.0012928361153659574,0.0033211821413480563,-0.002204850707302529
53.82999999999786,7.758117123353646,-0.00134678997305346,0.0034174860698110167,-0.002481556579849888
53.83999999999786,7.748774082825779,-0.001105038923810538,0.003361070403812887,-0.0027425117782080115
53.849999999997856,7.75706347535713,-0.0013974242774908848,0.00354809586390799,-0.003026926731794278
53.859999999997854,7.767614705727038,-0.0014384423040042134,0.0036148506501448995,-0.0032997810687389693
53.86999999999785,7.758424540818224,-0.0011425528402652914,0.0035139854748810484,-0.003552769452299231
53.87999999999785,7.767054214888411,-0.001469495495161862,0.0036962489918433905,-0.003835299499922492
53.88999999999785,7.77773344252041,-0.0014975042817725523,0.0037346517751232853,-0.0041017532012586205
53.899999999997846,7.7686712674981875,-0.0011520428294160448,0.0035926907105268344,-0.004344347159188773
53.909999999997844,7.777588288944272,-0.0015112783112987114,0.003770728807884864,-0.00462299693373473
53.91999999999784,7.788373523711421,-0.0015256631483860645,0.0037829078649301963,-0.004880892059116834
53.92999999999784,7.77941277154472,-0.0011352773648210142,0.0036038314989598756,-0.005111130195192015
53.93999999999784,7.788565819541271,-0.0015231407857888841,0.0037797788213819812,-0.0053843473700165324
53.949999999997836,7.799433829028292,-0.001522856685480615,0.003768903818190157,-0.005632003726658336
53.959999999997834,7.790547918465011,-0.0010926791737519178,0.0035570016314351383,-0.005848394882023916
53.96999999999783,7.799888784326403,-0.001504435558165658,0.0037339380894388843,-0.0061150471177525674
53.97999999999783,7.810816413096527,-0.0014882813619767914,0.003703432194055254,-0.006351185997277724
53.98999999999783,7.801980066694397,-0.0010243953356150691,0.003462705709909183,-0.006552616315134533
53.999999999997826,7.811464673991338,-0.0014544950946201957,0.003644019937875386,-0.006811903046264169
54.009999999997824,7.822430001530003,-0.001421324297871928,0.003596984715326458,-0.007035536596718967
54.01999999999782,7.813620240247692,-0.0009312108972274283,0.003330786191339597,-0.0072211624640972005
54.02999999999782,7.823209289312912,-0.0013733923067489784,0.003519692303748664,-0.007472502984258278
54.03999999999782,7.834192546069956,-0.0013222516070208461,0.0034585365892762067,-0.007682816828298177
54.049999999997816,7.8253893732769315,-0.0008152546278712932,0.003169404309791296,-0.007851964403053193
54.059999999997814,7.835048674130981,-0.001262416034706546,0.003368596945513364,-0.00809488232433662
54.06999999999781,7.8460328952476965,-0.0011926355640261654,0.003294829611250964,-0.008291128649345229
54.07999999999781,7.837219704734566,-0.000680511250810414,0.002984483026432934,-0.008443214836935472
54.08999999999781,7.846920245556045,-0.001124195871784572,0.003195901485168345,-0.008677233167795662
54.099999999997806,7.857891672920448,-0.0010355134181060295,0.003110055201954476,-0.008858646723287086
54.109999999997804,7.849055427844281,-0.0005331924141586004,0.0027795288450092547,-0.008993132907099773
54.1199999999978,7.858773227168644,-0.0009623470803931839,0.0030041947460430875,-0.00921768791833345
54.1299999999978,7.8697214930015456,-0.0008553222278338933,0.0029058621754372775,-0.009383433315907273
54.1399999999978,7.860852731385039,-0.0003821350694539222,0.0025557810327065406,-0.009499821375185073
54.149999999997796,7.870568632603944,-0.0007803549133899048,0.0027936770957440755,-0.009714199040310732
54.159999999997794,7.881487707115345,-0.0006578390630922133,0.0026817002324585996,-0.009863361943982057
54.16999999999779,7.8725805847685635,-0.00023970110923441927,0.0023127633833478953,-0.009961248910176267
54.17999999999779,7.882283185116494,-0.0005790733865773194,0.00256287139217771,-0.010164572066986729
54.18999999999779,7.893170920357593,-0.00045065566307437557,0.0024359321856003632,-0.010296238916917121
54.199999999997786,7.884222203933018,-0.00012448856197516241,0.0020558340776265045,-0.01037657100669497
54.209999999997784,7.893900692359897,-0.0003498559253666982,0.002555575836822285,-0.010611768296167598
54.21999999999778,7.9047547381113255,-0.00024384423688777207,0.0027763273485997466,-0.010792242293886081
54.22999999999778,7.895755929237424,-6.796474865152875e-05,0.00273289594218565,-0.010919231653894463
54.23999999999778,7.905379913297592,-6.23660559979076e-05,0.003339771193751482,-0.011160438742888152
54.249999999997776,7.916165631524119,-5.85421664175586e-05,0.0035098941968976713,-0.011315863231722973
54.259999999997774,7.907072403018912,-0.00017594561583522916,0.003428166601561455,-0.011419441902363379
54.26999999999777,7.916584319727785,0.0003367333729731039,0.003984518563735744,-0.011635993198579562
54.27999999999777,7.92724963946052,9.589704359696909e-05,0.004107289207903228,-0.011764784492870002
54.28999999999777,7.918011242489904,-0.0034963465303506493,0.004025543136662983,-0.011850348219367549
54.299999999997766,7.9273238118740155,0.0010416955783793223,0.00449360921543453,-0.012041962471182617
54.309999999997764,7.9377577982839025,0.0010631628200833772,0.0045652049981274095,-0.012140138744705145
54.31999999999776,7.92827984077566,0.0008873770624127209,0.004440860490502436,-0.012189761093536313
54.32999999999776,7.937381556287162,0.0008738990253777682,0.0048782794686462,-0.012352911264701245
54.33999999999776,7.947635934705628,0.00041971831873604664,0.00490439376312872,-0.012422355845259234
54.349999999997756,7.937937970999082,-0.002374820967690338,0.004792955322703241,-0.012457744892611405
54.359999999997754,7.946732205070109,0.0018963000065027303,0.005088160022175733,-0.012584864838112908
54.36999999999775,7.9566854576827994,0.0016379265377160844,0.005054269385165615,-0.012570340715352802
54.37999999999775,7.946691640647776,-0.0018023917596038587,0.004949211253765387,-0.012634197650331778
54.38999999999775,7.9551657756683305,0.002619587639428152,0.0051128073691324594,-0.012731324776185958
54.399999999997746,7.96482786144498,0.002109677640267626,0.005029005397100475,-0.012542730434537847
54.409999999997744,7.9545375780231975,-0.0014121676818559137,0.0049360885815450325,-0.012671762231854672
54.41999999999774,7.962665229543793,0.0031407906582906005,0.0049224725559212775,-0.012790039096283084
54.42999999999774,7.972037268892906,0.002001641353509175,0.004796821474306567,-0.012556905872256134
54.43999999999774,7.96145181553923,-0.0009369728237554793,0.0047462416038202065,-0.01267544274838558
54.449999999997736,7.969214001461273,0.0034600655337246188,0.004495649332861862,-0.012755550776508593
54.459999999997734,7.978302094965903,-0.0005874818447665273,0.004386175857259717,-0.012519117528895181
54.46999999999773,7.967412124703917,0.0002590930993727782,0.0044058935359355695,-0.012613735320497876
54.47999999999773,7.974764532190158,0.004487040767142013,0.0038051729727640606,-0.012629901797465927
54.48999999999773,7.983570657377965,0.0025981223650021847,0.0037394964907967983,-0.012395816030620623
54.499999999997726,7.97244187852708,-0.00038580109376839947,0.004066133966427762,-0.012332366107650638
54.509999999997724,7.979469550081213,0.003976088209769895,0.0028380905333218126,-0.012302581260725686
54.51999999999772,7.988056409979027,-0.0005180548502274993,0.002988519462610373,-0.012188182741827341
54.52999999999772,7.976687608559599,0.00019977716393369555,0.006605429159420659,-0.012621193994013171
54.53999999999772,7.983285476115926,0.005377754030341488,0.0011719507347013132,-0.011893934331126396
54.549999999997716,7.991618263862519,-0.0003021913761003612,0.0009317206306976275,-0.011734231648622494
54.559999999997714,7.98004163347825,0.0004041683092126684,0.0011003246563932299,-0.011589725925425941
54.56999999999771,7.986338824422659,0.005675538976391551,0.0008323133398287247,-0.011707924124196181
54.57999999999771,7.994594995905006,-0.00027731840172866496,0.0009741465403753944,-0.011576962520606911
54.58999999999771,7.9829288093400725,0.0004328355066379219,0.0052829674030236895,-0.012071729294206789
54.599999999997706,7.988845373830961,0.005472482389368613,-0.0012103611665987603,-0.011198765410634082
54.609999999997704,7.996982090293104,-0.0001920681256612196,-0.0012006694010265684,-0.011026800668758885
54.6199999999977,7.9852176688587555,0.0004236330210479493,0.0033762097736020893,-0.011539405375072833
54.6299999999977,7.99080226144028,0.0011295747999603637,-0.0021448686291501012,-0.010825080474285662
54.6399999999977,7.9988927286208815,0.000997450678640208,-0.002102178679442504,-0.010629581863711489
54.649999999997696,7.987043786713169,0.0013145666784256476,0.0025793471356922613,-0.011124432761944273
54.659999999997694,7.992214053062125,0.006326851996598352,-0.002927850025764107,-0.010408764847986737
54.66999999999769,8.000372947220844,3.299912991947922e-05,-0.0027143899829507856,-0.01024317074743453
54.67999999999769,7.988586716357277,0.0006000764859574591,0.001740411467618002,-0.010669176581229262
54.68999999999769,7.99332334424935,0.0006168000000539755,-0.0033488615392831514,-0.009802478959012935
54.69999999999769,8.001568777429114,0.0010557361732112874,-0.002997372910791277,-0.009728386353337868
54.709999999997684,7.989792869572563,0.0013144379006437559,0.0007487101902435634,-0.01009247512285955
54.71999999999768,7.993915302422157,0.0014684094570972402,-0.003759833534700905,-0.009317760495564237
54.72999999999768,8.002320580660186,0.0011498682572803746,-0.00292325299648142,-0.009294599259890768
54.73999999999768,7.990657949428581,0.001558877133587749,-0.0003771729355710359,-0.009489928990566871
54.74999999999768,7.993958669049974,0.0014132991610486742,-0.004255366752361601,-0.008821215053109734
54.759999999997675,8.002601897804738,0.0012028464326355578,-0.0011572299260914607,-0.009071261625018279
54.76999999999767,7.991155803451062,0.0015487591431528743,-0.0033735066883604898,-0.008631087224565697
54.77999999999767,7.992980580286692,0.0013078182335619231,-0.004885236978223755,-0.008282582188545082
54.78999999999767,8.001993214118047,0.0011238200661009556,-0.0011564725399587725,-0.008583004297986847
54.79999999999767,7.991098949965128,0.001500509583047448,-0.0018399092270750873,-0.00832193526108208
54.809999999997665,7.987657435491723,0.0013290696324280511,-0.006132887615758434,-0.007632836326011261
54.81999999999766,7.997313108175238,0.000992625157285857,-0.002138683093741679,-0.007932969778460733
54.82999999999766,7.98897019361689,0.001360670648998545,-0.0019273070183914217,-0.007769357976347474
54.83999999999766,7.983834176359938,0.001213481527584782,-0.006719884181968229,-0.007036912987221298
54.84999999999766,7.993856692359872,0.0008252997598009733,-0.002248964174668561,-0.007350198020153269
54.859999999997655,7.998869474515386,0.0008539926162342374,-0.0018846568700657733,-0.0071872684384650465
54.86999999999765,7.987594008316803,0.001270018817785406,-0.007137458239760227,-0.006424004882597779
54.87999999999765,7.995184129270219,0.000740570036995716,-0.0020674693942810815,-0.006757271889363216
54.88999999999765,8.00252227892312,0.0007603959192378155,-0.0027375482008891137,-0.006473436042680692
54.89999999999765,7.990588298746928,0.001209288301043005,-0.0028570210507084344,-0.006240934472082504
54.909999999997645,7.9929169383083085,0.0007787106092003467,-0.007805614458196318,-0.0055471547592046535
54.91999999999764,8.00198392585024,0.0006218141285948306,-0.0020254683124116234,-0.005885691391880326
54.92999999999764,7.99089440586365,0.0010893275099290243,-0.0026489176170580546,-0.005595304867316677
54.93999999999764,7.983871526444441,0.0009197623590558328,-0.0077857038112112515,-0.004907662293047004
54.94999999999764,7.99435406054693,0.000477669410646973,-0.0020123266993376976,-0.005190826928473884
54.959999999997635,7.999309846210108,0.000569395154227768,-0.0022147594780355683,-0.004929276071671084
54.96999999999763,7.987614645102224,0.0009218338937202682,-0.0036043042026497442,-0.00456898488932425
54.97999999999763,7.993865591846161,0.0005091789410357982,-0.00738975894976387,-0.0040340139636765105
54.98999999999763,8.001256570914894,0.0005712244535201592,-0.0021122186104147274,-0.004204807857597275
54.99999999999763,7.989327190094882,0.0010482230374339368,-0.0026085079821616193,-0.003910462200756975
55.009999999997625,7.981765839064325,0.0009624901594837649,-0.004174460667148201,-0.0035415583677344967
55.01999999999762,7.992373518973645,0.0006018901732423583,-0.0029810736909274384,-0.0033669579605664995
55.02999999999762,7.99620053957882,0.0007784314035651154,-0.0031910489421032385,-0.0030897010957449526
55.03999999999762,7.9846335892749405,0.0011106403793370021,-0.004242401747120816,-0.002760328488046156
55.04999999999762,7.991131159579361,0.0007331379930789773,-0.00398235213294883,-0.0025141430504256918
55.059999999997615,7.997886348669984,0.0007688601059162168,-0.003151291626901448,-0.0022939142879371153
55.06999999999761,7.985945762186453,0.0011460488854367758,-0.003780120274187376,-0.0019875500030010133
55.07999999999761,7.977998043558862,0.001049714726341133,-0.00797889137702838,-0.001510095643930651
55.08999999999761,7.988628956919633,0.0007026096786933948,-0.002228267475698747,-0.0015292439378472023
55.09999999999761,7.983489251049576,0.0009969428514466168,-0.002510749849302644,-0.001232057311668486
55.109999999997605,7.973452920628551,0.001050076311243989,-0.0029667315647532973,-0.0009281454613648034
55.1199999999976,7.983660552793301,0.0006851610398577253,-0.003292292403978808,-0.0006331257566829574
55.1299999999976,7.990048054609743,0.0007524809113056366,-0.002815783823131351,-0.0003682016139275433
55.1399999999976,7.978126479494314,0.0010223838053632316,-0.003642334335368193,-5.737481072881124e-05
55.1499999999976,7.971521470453411,0.0008998509298018805,-0.003913209220217925,0.00022975255990560311
55.159999999997595,7.9821229545423815,0.0006280831103955108,-0.0031681556619073455,0.0004884128837247037
55.16999999999759,7.9754141938754675,0.0008546051088850834,-0.00342868480894089,0.0007776131441552175
55.17999999999759,7.966296107745698,0.0008378870772420959,-0.0036477703711881664,0.0010630164854759068
55.18999999999759,7.976913800733191,0.0005505018933097195,-0.003297696941138811,0.0013359499648408356
55.19999999999759,7.983093678635912,0.0005866891828783103,-0.0029769241647159377,0.001612158837237473
55.209999999997585,7.971277778533828,0.0007548099977648703,-0.0035586887958012087,0.001900452813175962
55.21999999999758,7.9647006249850305,0.000641835341689875,-0.003627587825656007,0.0021772648822563786
55.22999999999758,7.9753392670027345,0.0004294152518275205,-0.0030267090470311115,0.0024481712333071005
55.23999999999758,7.968167822378343,0.0005639242914112265,-0.003314727718012586,0.002725727503386265
55.24999999999758,7.959224633093181,0.000521956241245883,-0.003384320336623592,0.0029984214070096047
55.259999999997575,7.9699111173707236,0.0003160921390841599,-0.002945355432190625,0.00326969672446266
55.26999999999757,7.975223810190171,0.0003258003575510242,-0.0028689093917697002,0.003540815593590079
55.27999999999757,7.963627967959509,0.00039436437558477787,-0.003293531041180775,0.003805585991534615
55.28999999999757,7.957582725947444,0.00029885898472425916,-0.0032314504308789717,0.0040689306987326725
55.29999999999757,7.968032070629646,0.00016232407605223587,-0.0027237858781643176,0.004336267445490367
55.309999999997565,7.959891243040454,0.0002100635982325222,-0.0030732551617020194,0.00459056342900575
55.31999999999756,7.951356187099557,0.0001543756556695576,-0.003027546494909559,0.004846066366676752
55.32999999999756,7.9621329423945895,3.857215650105773e-05,-0.002576916325018853,0.0051076119739791375
55.33999999999756,7.957939565339109,4.332839808422228e-05,-0.0031327315628048784,0.005343807992534623
55.34999999999756,7.947953295838484,5.948599565774737e-06,-0.0035407276887517267,0.0055752046986299935
55.359999999997555,7.958082460696514,-7.324191736666695e-05,-0.0033552068889704783,0.005817365008183935
55.36999999999755,7.96194891740632,-9.935175918680705e-05,-0.0037383936073458143,0.006037691662895274
55.37999999999755,7.950864073848885,-0.00013304053734306112,-0.004316189265730025,0.006243151653453089
55.38999999999755,7.953247796086022,-0.00017795197303950846,-0.004232294320174212,0.006465353303500653
55.39999999999755,7.9617759494924325,-0.0002091791876497347,-0.004293723359563849,0.006677583060212176
55.409999999997545,7.950716748245865,-0.00026939725612649165,-0.004935401793074295,0.006858269735705365
55.41999999999754,7.94169156187896,-0.0003125605973345821,-0.005054556061918726,0.007053733865828691
55.42999999999754,7.952581890998105,-0.00030528780840584764,-0.004739249724931637,0.00726536613136146
55.43999999999754,7.945051665500263,-0.0003887662006665745,-0.005313959679323051,0.007426636360810439
55.44999999999754,7.935820704836723,-0.00042800522969392205,-0.0054522205937098545,0.007602579162490172
55.459999999997535,7.9465449364816845,-0.00038202123005363095,-0.005091182114266555,0.007801613175583129
55.46999999999753,7.939946075662344,-0.00048320046787058525,-0.00559651181474607,0.007944113686427102
55.47999999999753,7.9308468728959225,-0.0005213409940675214,-0.005704073515601047,0.008102783618600687
55.48999999999753,7.941636456401829,-0.00044192486662487706,-0.005283029338932426,0.008290700491217304
55.49999999999753,7.935485856480404,-0.0005601065476953194,-0.005719103450784657,0.008415579944741128
55.509999999997525,7.926426975926448,-0.0005968382632978089,-0.0057774758308537484,0.008558887264788354
55.51999999999752,7.937259995827221,-0.0004861836012071937,-0.0052872161260623185,0.008737545489234583
55.52999999999752,7.931274561456812,-0.0006205663439718782,-0.005654054753577181,0.008846242824100663
55.53999999999752,7.922258100648983,-0.0006545853582984188,-0.005650500321710651,0.008976338686943629
55.54999999999752,7.9331245224576605,-0.0005150567423905689,-0.0050872804863948545,0.009147539257558669
55.559999999997515,7.927102451554181,-0.0006654793006195464,-0.005388713237892136,0.009241322127205227
55.56999999999751,7.9181471093786895,-0.0006950733150554284,-0.0053171306337693475,0.009360219759262154
55.57999999999751,7.929052553263745,-0.000529095327707927,-0.004683231128793751,0.009525348288524539
55.58999999999751,7.92290589518968,-0.0006954260897724832,-0.004926023337886346,0.009605165199304358
55.59999999999751,7.914010207241109,-0.0007195280809435908,-0.004789289020684178,0.00971417955101012
55.609999999997505,7.924952903585293,-0.0005294232182779831,-0.004094002053164885,0.00987374035593642
55.6199999999975,7.918662366057016,-0.0007113623182149679,-0.004287651244210992,0.009940054329194887
55.6299999999975,7.909814151935152,-0.0007295737010310458,-0.004096241494899804,0.010039543503991118
55.6399999999975,7.920785950695607,-0.0005175896139710444,-0.0033564339385249793,0.010192633457669577
55.6499999999975,7.914356738737005,-0.0007147797367870298,-0.0035127409213606907,0.010245473309306538
55.659999999997495,7.905543364525013,-0.0007269971990310928,-0.0032824732520104908,0.010334710305297331
55.66999999999749,7.916535554313223,-0.0004953865285697807,-0.0025220365926223384,0.010478238454190244
55.67999999999749,7.909979448065253,-0.0007074567199997922,-0.0026536053390774886,0.010518608496806685
55.68999999999749,7.901190194988891,-0.0007136002880970233,-0.00240338155252501,0.01059416080979047
55.69999999999749,7.912195332137371,-0.00046473894130602897,-0.0016514079308986133,0.010721572781968442
55.709999999997486,7.905525503061103,-0.0006912236534183266,-0.0017697192615960579,0.010760315901792435
55.71999999999748,7.896751121829594,-0.0006907136697645588,-0.0015143686883040137,0.010678344056769207
55.72999999999748,7.907762740814066,-0.0004275448382925339,-0.0008059970621860685,0.010895080235805469
55.73999999999748,7.900992033847508,-0.0006677230859121663,-0.0009208055247557015,0.010985601996975623
55.74999999999748,7.892224140562248,-0.0006605097247302737,-0.0006803517576515171,0.010824008914261643
55.759999999997476,7.903236236255156,-0.00038611465905145817,-4.22590485863222e-05,0.011057486069260514
55.769999999997474,7.896376487578964,-0.0006389100072320482,-0.00015552387486883858,0.011171632060288969
55.77999999999747,7.887607293092483,-0.0006238172485409671,5.472590775065274e-05,0.010993924694885844
55.78999999999747,7.8986141181343905,-0.0003429379789527226,0.0006027358107751199,0.011184188530742366
55.79999999999747,7.8916760588187875,-0.0006050407493171107,0.0004929208444669666,0.011302391652842487
55.809999999997466,7.882898372397217,-0.0005800354785744097,0.0006651967593557515,0.011115356851882901
55.819999999997464,7.893894481809332,-0.0003006012202807524,0.0011183324304835044,0.011078477396571853
55.82999999999746,7.88688794456723,-0.0005646539527773356,0.001012811072268437,0.011259018302235127
55.83999999999746,7.878095271933793,-0.0005280624797530731,0.0011408028003422606,0.011154306250635777
55.84999999999746,7.889075636158625,-0.00026455339519035955,0.0014902904604560986,0.01105979442031159
55.859999999997456,7.882009762415324,-0.000515251018458824,0.001395081448066642,0.011236687244637143
55.869999999997454,7.873195961505886,-0.0004675802330351991,0.0014837268612666035,0.01114081222751551
55.87999999999745,7.884156270032288,-0.00024227848317766892,0.0017347377334966758,0.011015099329502379
55.88999999999745,7.877038696408584,-0.0004487973657446559,0.001652186244776264,0.011176831374844433
55.89999999999745,7.868198214043636,-0.0004011687264519988,0.0017062865676643973,0.011038418159193203
55.909999999997446,7.879134537764661,-0.0002430548591881543,0.0018731518287208647,0.010897736902829433
55.919999999997444,7.87197361984189,-0.00033910968584078535,0.001805327172432009,0.011050741006093405
55.92999999999744,7.863101327687588,-0.0003573391765445634,0.0018558205776186211,0.010880421363970525
55.93999999999744,7.874009291135162,-0.00026387731709225597,0.002027796741026094,0.010729037890885
55.94999999999744,7.8668136836705145,-5.3441142509490474e-05,0.0019907721712429374,0.010870143812645821
55.959999999997436,7.857903783121682,-0.0004916931289405265,0.0020595738542235715,0.010681516375493062
55.969999999997434,7.868778337583333,-0.00024847032927723117,0.0022296931024981346,0.010514673625356649
55.97999999999743,7.861557630530862,0.0033677173276472814,0.002234588895962796,0.010633573865975054
55.98999999999743,7.852578094795888,-0.001247579180413112,0.002300717276814557,0.010428293715137801
55.99999999999743,7.863363314220198,-0.0008816043801869597,0.0024464212347381125,0.010245178185015
56.009999999997426,7.856090779478415,-0.0006614647175152583,0.0024840751902784073,0.01015648476844018
56.019999999997424,7.847077810137728,7.162856179541566e-05,0.0025637848037452834,0.010028003410802535
56.02999999999742,7.857858326674759,-0.0008240153031980146,0.002657079573634136,0.009885442802737284
56.03999999999742,7.850596261286646,0.003114489558180588,0.002734545107807483,0.009770791365280435
56.04999999999742,7.8415123342512585,-0.0016195914942759486,0.0027915212481376193,0.009639846727643932
56.059999999997416,7.85221501724986,-0.001079562559779031,0.002832784522619621,0.009502186684346542
56.069999999997414,7.844950129107425,0.0027318525208763636,0.002938620120152057,0.009382862626958267
56.07999999999741,7.835812601323448,-0.0019273836920051437,0.002987017185765008,0.009240869200402837
56.08999999999741,7.846471894668472,-0.0011561251970086494,0.0029664917877239255,0.009088161657692858
56.09999999999741,7.83923292547842,0.002644242882836191,0.003099440329893941,0.008964076517957956
56.109999999997406,7.83004713028307,-0.0019605746438983475,0.0031384984808425723,0.00880881908450094
56.119999999997404,7.840669809093265,-0.0011126267841190865,0.003056264591940048,0.00863409190809651
56.1299999999974,7.833478229893729,0.0024936169978543588,0.003214855013231891,0.008503315267253266
56.1399999999974,7.82424496125198,-0.0014686604334699072,0.0032458228437224354,0.008335136223718299
56.1499999999974,7.834829846130341,-0.0014551427964507697,0.003107585455225753,0.008137231630552001
56.159999999997396,7.8277039706313785,0.0023855752360656805,0.0032898358080447033,0.007999607584511275
56.169999999997394,7.818421190391209,0.0011466762173312581,0.0033111701117096107,0.007818846862782903
56.17999999999739,7.828948585999071,-0.0025686988596067555,0.0031316751435769316,0.007597248012571413
56.18999999999739,7.821876074978294,0.0015242830736725626,0.003332384592529189,0.0074536047704237985
56.19999999999739,7.81252488697598,-0.0019894300091948553,0.0033583208851477686,0.0072659798459896365
56.209999999997386,7.823040017483821,-0.0012292964665884436,0.003130355115207573,0.007031263003701905
56.219999999997384,7.816141790166554,0.0017582467999298457,0.003340180022543724,0.00687734141426335
56.22999999999738,7.8067391938303405,0.0011392151963339951,0.0033605848150650387,0.0066786318215400434
56.23999999999738,7.817196053660402,-0.0027204220837710033,0.003120577956310681,0.006428577728083742
56.24999999999738,7.810419773120699,0.0014632421233912618,0.003320948600198743,0.0062671418844552325
56.259999999997376,7.800944413575863,0.0007937914875524699,0.0033552009768109533,0.006065153713927525
56.269999999997374,7.811358865049481,-0.0028886826225215986,0.0030984399645752753,0.005806297269772814
56.27999999999737,7.804789713284231,0.0013122501529073416,0.0032681565342254767,0.0056323459354678815
56.28999999999737,7.795230443003914,0.0008182343158080381,0.003336263902186856,0.0054311683769688165
56.29999999999737,7.805595137424987,-0.0024803974858849023,0.0030675387984746712,0.00516575341232402
56.309999999997366,7.799283504910791,0.0011046396214010007,0.0031771802716516057,0.004974728588171133
56.319999999997364,7.789618213133004,0.0007960214829756168,0.003317820346806699,0.004782883998350845
56.32999999999736,7.799916064024898,0.0004437144679130847,0.003010805882015836,0.004507859617096664
56.33999999999736,7.793909356486116,0.0003632207292134177,0.0030375730022752703,0.004293963276407762
56.34999999999736,7.784070211863438,-2.9776252018472677e-05,0.0033302778825454204,0.004127095440717386
56.359999999997356,7.794251219484333,-0.0027147556126839683,0.0029771580883482885,0.0038440537883641995
56.369999999997354,7.788725050813218,0.0007189742607126104,0.002807151662674633,0.0035974067463476925
56.37999999999735,7.778743924263515,0.0005756348055648926,0.0033906579841443156,0.0034781028838359674
56.38999999999735,7.788806700278145,0.0006883916891699492,0.0028553337295665433,0.003160731612855507
56.39999999999735,7.7837863425557,0.0002496049805409365,0.0024361083020179113,0.002865187596761463
56.409999999997346,7.773587243354201,0.00010886166965965394,0.003578255697710631,0.002837821716452259
56.419999999997344,7.7834498800113465,0.0001685782112025378,0.002735345689210803,0.002469592722708307
56.42999999999734,7.779298883066582,0.00014178629677307863,-0.00022666861433278545,0.0017523932844705373
56.43999999999734,7.768818002757949,-4.220608943856023e-06,0.0042455711046068675,0.0022790727007907536
56.44999999999734,7.778326951731439,0.00016725608466851833,0.003708087776986693,0.001962385642552017
56.459999999997336,7.775557093465872,9.735484046135445e-05,0.003331701352396771,0.0016737010524054611
56.469999999997334,7.764786522591297,-1.0528201181646273e-05,0.0005011651786134397,0.0009984344542937169
56.47999999999733,7.773702795352349,0.00021851766570626458,0.00437195380990334,0.0013958920512959724
56.48999999999733,7.770132286008011,5.816939069163132e-05,0.004467638314537621,0.0011829158071490228
56.49999999999733,7.759508113579046,3.3873739201566374e-06,0.0044528241238001995,0.000951619994266016
56.509999999997326,7.7686699114749596,0.0002741085116478026,0.003993166569579002,0.0006551471574152746
56.519999999997324,7.766128119024892,9.878206305529976e-05,0.0003660266889947827,-0.00010640701188238451
56.52999999999732,7.755304938754868,2.720598822433969e-05,0.006386653417312475,0.0005703307666631262
56.53999999999732,7.764106051393343,0.0003166799686316233,0.005777173217141575,0.0002495255090227288
56.54999999999732,7.767063591497584,0.00022440144959280322,0.0008114191053080706,-0.0006835460761402045
56.559999999997316,7.755558888616131,4.9202475036870375e-05,0.007282710011085786,1.5093857236754766e-05
56.569999999997314,7.76092786865354,0.00030548300300853873,0.006454128561056944,-0.0003313185939432271
56.57999999999731,7.767090423893206,0.00029517305883440005,0.001307938621676598,-0.001250452286664218
56.58999999999731,7.755052492985721,5.9246405178172455e-05,0.007648217947217063,-0.0006146419511176315
56.59999999999731,7.746140514324406,0.00010295610654027863,0.007326856232647277,-0.0008865362909492641
56.60999999999731,7.756578135513398,0.0003823057124479837,0.0016971847031757976,-0.0018258482246777848
56.619999999997304,7.749362051248458,0.0001398392139524807,0.0073963445142722775,-0.001315513356030882
56.6299999999973,7.739613888613793,0.00015179089717189025,0.0066744984110595875,-0.0016254741337793821
56.6399999999973,7.749986194898341,0.0004394982339250643,0.0033318935048403395,-0.0022389720718517634
56.6499999999973,7.755219928429598,0.0003674938447856113,0.0025839661866416757,-0.002519742558489226
56.6599999999973,7.743377441359303,0.0001696380426070231,0.009170936573465764,-0.001968929574277626
56.669999999997295,7.737887527766127,0.0002554524231335024,0.008053290398625148,-0.002319691513898902
56.67999999999729,7.748160635528277,0.00045329799176272654,0.0019358168154587857,-0.0031893561240864325
56.68999999999729,7.740065879999786,0.00022352970329644087,0.004008172211967201,-0.0031491989608593697
56.69999999999729,7.732005276989917,0.0002631972477883467,0.008818580016466541,-0.002851057628039672
56.70999999999729,7.742853469798601,0.0004951087362781571,0.003764896351267848,-0.003558677705144478
56.719999999997285,7.749114529747667,0.0004385418536132332,0.0024067112014404092,-0.003867688940694371
56.72999999999728,7.737542602452963,0.0002639010443136906,0.008965300001476445,-0.003437796810421144
56.73999999999728,7.740165884617149,0.0004273999900711285,0.0031432401295722677,-0.004154885770093518
56.74999999999728,7.749611959652402,0.0004894941934269325,0.002946123746023955,-0.004340700493370046
56.75999999999728,7.738877553196837,0.00029517819077349845,0.007673904235790325,-0.004116322143664339
56.769999999997275,7.7313479467458865,0.00034300840822080726,0.003873277859422957,-0.004602718733255364
56.77999999999727,7.742555199483766,0.0005176926532915219,0.0018016840180544863,-0.004920357114251614
56.78999999999727,7.747958482397955,0.0004689022292974418,0.006224509086256998,-0.004746778974722493
56.79999999999727,7.736780163459855,0.00034271995756626967,0.0024374567763375946,-0.005172743741516262
56.80999999999727,7.742791018632683,0.0004938696815000988,0.00261198199775162,-0.005307210197539332
56.819999999997265,7.751201119520179,0.0004999698418276099,0.0017107151159792735,-0.00549495793653589
56.82999999999726,7.740027160513149,0.00037042786043319555,0.0031603439090042117,-0.005542609825319284
56.83999999999726,7.732789483810717,0.0004166172908984123,0.006890484993511364,-0.00548413126456471
56.84999999999726,7.7442872979232655,0.000520669644030318,-0.0001224613515199042,-0.005994212482828347
56.85999999999726,7.7501802106252065,0.0004837184661098371,0.00014385662197038203,-0.006083404970298708
56.869999999997255,7.739184302413634,0.0004110878880412508,0.001786369098955958,-0.0061002224114864905
56.87999999999725,7.745487594995325,0.0005034911595662669,0.005089859626321672,-0.006100140513864053
56.88999999999725,7.754265397953732,0.0004943239810954942,-0.0010066524671550764,-0.006453262206711717
56.89999999999725,7.743381892001295,0.0004280292014489354,-0.00014131852050341406,-0.006495938232094787
56.90999999999725,7.736830834292554,0.0004578700721085238,0.0046197383130143375,-0.006438958703337696
56.919999999997245,7.748506570990709,0.0004907106267476799,-0.001581320161342016,-0.0067289031809610505
56.92999999999724,7.7549838370385515,0.00046987276778218606,-0.0016144574655218677,-0.00679366283217854
56.93999999999724,7.744183849744202,0.0004425321946863381,-0.0004882036972261282,-0.006637166465536732
56.94999999999724,7.751113922825011,0.00046945124608337955,0.0034394064271924545,-0.006760814647165146
56.95999999999724,7.760071629137738,0.00045229499141566306,-0.0021853917659284236,-0.0069939019461975485
56.969999999997235,7.749357364619842,0.00044524531295119,-0.0015683197842859715,-0.0068296774012606785
56.97999999999723,7.743868800265208,0.0004509023351269025,-0.0010002425907380732,-0.006980663571100656
56.98999999999723,7.755517776923515,0.0004267723657130003,-0.0011980977027284852,-0.007140031358712152
56.99999999999723,7.7617650035611065,0.00041191362767358533,-0.0020814420363866586,-0.006991312581254386
57.00999999999723,7.751267963400775,0.00044918412672007946,-0.0009308577108405315,-0.007150608017200126
57.019999999997225,7.759312059742295,0.0004015642032834163,0.0013790011799865024,-0.007338123497725976
57.02999999999722,7.76803643136679,0.0003704878685432203,-0.0023959616018410677,-0.007124134976546368
57.03999999999722,7.757369070904296,0.00043681074676444947,-0.002041590990426216,-0.007275398460475295
57.04999999999722,7.760770318685292,0.00037677534783553575,-0.0020795826104673797,-0.007405979018955381
57.05999999999722,7.77116239358538,0.00032370023263899423,-0.0019884390972718428,-0.007218234718703045
57.069999999997215,7.76151049589568,0.00041579356137508685,-0.001918215355648402,-0.007363793180763509
57.07999999999721,7.7579795344772435,0.00038085954778999034,-0.0014244513159919533,-0.007513552292931562
57.08999999999721,7.769285354468004,0.0002736328704526083,-0.0021366711098137,-0.007279938759855713
57.09999999999721,7.765743220957141,0.00035385221324568157,-0.0019660562240913096,-0.007415755364933047
57.10999999999721,7.758095501205471,0.00037492399894155197,-0.0016978983994283853,-0.007548450190081787
57.119999999997205,7.769794939880231,0.00021841232900401793,-0.0019348202232402536,-0.007318436418719623
57.1299999999972,7.779312538101133,0.00021566664750609192,-0.002357654270182259,-0.007403945901413017
57.1399999999972,7.768817705562181,0.00035653478886975667,-0.0018198058352591378,-0.007545475346394102
57.1499999999972,7.776901650605789,0.00017986775445596586,-0.0019460186078726076,-0.007310274327869063
57.1599999999972,7.786670309058792,0.0001494176157110593,-0.002197401284459854,-0.0073650262377265956
57.169999999997195,7.776452044573403,0.0003186594318955721,-0.0018998392032264417,-0.00750084194048818
57.17999999999719,7.78362596640573,0.00012493860209793436,-0.00202819438847703,-0.007261296684595349
57.18999999999719,7.793357563589293,7.436499808314325e-05,-0.00219895325329974,-0.007113531799224464
57.19999999999719,7.783173958552294,0.0002769332122795992,-0.001933176532743637,-0.007313154383309446
57.20999999999719,7.789890873672081,6.032701967019129e-05,-0.0021192044829071804,-0.007162040086009869
57.219999999997185,7.799714195301936,-2.8235237223423195e-06,-0.0022247849192076094,-0.006985393412851668
57.22999999999718,7.789603316154827,0.00023375397305807396,-0.0019721166440289364,-0.007185934251380012
57.23999999999718,7.7961669165008844,-1.1687093024059486e-05,-0.0022003139073079113,-0.007068632436194391
57.24999999999718,7.806070547250888,-8.388806992203747e-05,-0.00226615885014558,-0.006877730019430478
57.25999999999718,7.796038867799034,0.0001876330738769514,-0.0020105925028521734,-0.007065777112832176
57.269999999997175,7.802702282413291,-9.309069600965488e-05,-0.0022710989125823236,-0.006907098913834417
57.27999999999717,7.812640126141354,-0.00016832854246233924,-0.0023099484557781574,-0.006727554358613166
57.28999999999717,7.80266163583701,0.0001394071475629898,-0.0020496780934678954,-0.00692077166263771
57.29999999999717,7.809536312029128,-0.00017880156169024962,-0.002331664686420594,-0.00672735356889216
57.30999999999717,7.819489667008017,-0.00025307885275505017,-0.0023517357271345984,-0.006550301458757674
57.319999999997165,7.809547523323974,9.060822414512368e-05,-0.0020905887065985973,-0.006743575137482387
57.32999999999716,7.816648068070439,-0.0002652150619632884,-0.0023829127854829383,-0.006527397812237181
57.33999999999716,7.826616422181101,-0.00033565749499877716,-0.002389641202403399,-0.0063455375113674614
57.34999999999716,7.816705717023313,4.273238865250246e-05,-0.00213356775310437,-0.0065327943274036925
57.35999999999716,7.824013883713887,-0.0003494963698036851,-0.0024260035057110134,-0.006299756887467971
57.369999999997155,7.833998372618247,-0.0004133672239845106,-0.0024229263151882927,-0.006110893928449015
57.37999999999715,7.824116156013709,-2.883780154586422e-06,-0.0021778739689590093,-0.006286701269900975
57.38999999999715,7.831606381053575,-0.000429067762858162,-0.0024616292720717583,-0.006041980642351504
57.39999999999715,7.841605151022977,-0.0004834211583534007,-0.002451280256884715,-0.0058460614747823875
57.40999999999715,7.8317462319067195,-4.536384108423093e-05,-0.002222717217573212,-0.006002281560410712
57.419999999997145,7.839390944005703,-0.0005015936944839308,-0.002490820956106089,-0.005752596433096426
57.42999999999714,7.8493992424283645,-0.0005431636488356202,-0.0024748135803329204,-0.005551688988641304
57.43999999999714,7.839555848840784,-8.49163142992437e-05,-0.0022660553021967436,-0.005664005785673025
57.44999999999714,7.8473264609034485,-0.0005650380090992136,-0.00251243062929425,-0.005424325947824812
57.45999999999714,7.857337188243933,-0.0005901755182330353,-0.0024916999278402677,-0.005226930770351184
57.469999999997135,7.847499516812163,-0.00012531133600222286,-0.0022992475849128086,-0.005146628288568433
57.47999999999713,7.8553670413524355,-0.0006183671529203861,-0.0025214778045890705,-0.004984963597586974
57.48999999999713,7.865371261395999,-0.0006226431898329444,-0.0024989096919023727,-0.004842056832474529
57.49999999999713,7.855528097198396,-0.00016334330591172286,-0.002333358025841647,-0.004748437657053583
57.50999999999713,7.863463638230304,-0.0006542364556569604,-0.0025234747973294624,-0.004595265888779221
57.519999999997125,7.873451103284032,-0.0006375723587332208,-0.0024967725933528425,-0.004469893155791033
57.52999999999712,7.863590414926568,-0.00021028479396123894,-0.002359934612950157,-0.0043713192398162504
57.53999999999712,7.871565606837023,-0.000665260626727071,-0.0025134103066218765,-0.004219427683143504
57.54999999999712,7.881525721925956,-0.0006354666507380821,-0.002481302994880065,-0.004097341789316699
57.55999999999712,7.871634958374009,-0.00028648302126536645,-0.002373814819174536,-0.003990155508051828
57.569999999997115,7.879623462187658,-0.0006284339149232145,-0.002487399741181121,-0.003838463790065299
57.57999999999711,7.889545355155248,-0.000622715474853042,-0.002448994991119783,-0.0037136741582769416
57.58999999999711,7.879612042809393,-0.00044792199325025044,-0.00237086072106406,-0.003595319197359635
57.59999999999711,7.8875867584601975,-0.0004834263273561471,-0.002442400214059539,-0.0034446821566194415
57.60999999999711,7.897458826503885,-0.000620118113277839,-0.0023970141802196927,-0.003315025264729806
57.619999999997106,7.887471434155872,-0.0010500435441524745,-0.002347536311858249,-0.00318467638281163
57.6299999999971,7.89540228321907,-8.623879388750644e-05,-0.0023761394488830217,-0.003037501649747222
57.6399999999971,7.905206895807356,-0.0004874991088762998,-0.0023231326035617747,-0.002902551835977344
57.6499999999971,7.895151907233783,-0.004818357718727963,-0.0022994437919191054,-0.002760266277806248
57.6599999999971,7.902981682439982,0.000591548279079682,-0.0022868964309717783,-0.002625346468654455
57.669999999997096,7.9126413370020305,0.0005148301950841739,-0.0022262738015299053,-0.0024859243639576874
57.679999999997094,7.902457750831855,0.00018748834957485784,-0.0022304370109920814,-0.002327927640478994
57.68999999999709,7.910230135458418,0.00028104195999000757,-0.00217292744206371,-0.002186707985460506
57.69999999999709,7.91986792559699,-0.0008686835965719045,-0.002102764654407354,-0.0020467531934917635
57.70999999999709,7.909631066158601,-0.0036291941743290175,-0.0021286190458344794,-0.0018863112719020394
57.719999999997086,7.91724652332305,0.0009323497304203524,-0.0020353865566178357,-0.0017568893969815923
57.729999999997084,7.926750387310895,0.0006509425878067928,-0.001958294101549681,-0.001613009667069244
57.73999999999708,7.916399593405916,-0.003584211978558841,-0.0020219957230209803,-0.0014369746243237708
57.74999999999708,7.923888193275039,0.0012746431604313104,-0.0020742094229269027,-0.001274576077234414
57.75999999999708,7.933288523028931,0.0008126966714011101,-0.002206225301242422,-0.0010845756437706283
57.769999999997076,7.92283213197221,-0.0032767380849383367,-0.0024890771107538654,-0.0008596577696166003
57.779999999997074,7.930163672698195,0.0014747242777159463,-0.0025231938427094434,-0.0006993271956000219
57.78999999999707,7.939474704792044,0.0005531922939255292,-0.002622747591739432,-0.0005159181813706703
57.79999999999707,7.928918427703347,-0.002645992866725242,-0.002914686087174079,-0.0002903204152971818
57.80999999999707,7.936071301270546,0.0015867970854893023,-0.002882758650814633,-0.00014360839736852495
57.819999999997066,7.945304128997625,-0.0024408932772103696,-0.0029415247349302057,3.061370296336089e-05
57.829999999997064,7.93462939420721,-0.001090216613731248,-0.003257469850866836,0.0002527420702470111
57.83999999999706,7.941535358855957,0.002348944153187158,-0.0031587901613015965,0.00038556080489128656
57.84999999999706,7.95067975157604,0.0009817203845264321,-0.0031924696725501903,0.0005550397707762729
57.85999999999706,7.939950886841509,-0.001931095671587038,-0.0035061096973081733,0.0007801358438766266
57.869999999997056,7.946707731874772,0.0015928203632455072,-0.003337663369582074,0.0008923963678001787
57.879999999997054,7.955810382160759,-0.001991764496121271,-0.003324314053762336,0.001045042302332716
57.88999999999705,7.944989889809789,-0.0010499189976769649,-0.003660486329148018,0.0012629342878305915
57.89999999999705,7.951466157703123,0.0027711156753528654,-0.0034221931627330354,0.0013576372770763038
57.90999999999705,7.960526037770237,-0.0017288552155248263,-0.003360036984791172,0.0014994372557527963
57.919999999997046,7.949660700068802,-0.000829124568123549,-0.0036983137379609,0.0017107490361432179
57.929999999997044,7.955896788351545,0.002840199569925435,-0.003386711504510388,0.0017837399269794016
57.93999999999704,7.964943943931914,-0.0016517302431444845,-0.003274351867201497,0.0019100465041033562
57.94999999999704,7.95405137719039,-0.0008193847906499648,-0.003608128095766209,0.0021125737493605775
57.95999999999704,7.960015968000688,0.002406589753549719,-0.003225846354286403,0.002164271212577569
57.969999999997036,7.9690808834420235,-0.0013782478420189645,-0.0030622046171212666,0.002272783015432102
57.979999999997034,7.9581801334454205,-0.000774403908224978,-0.003384492433150866,0.0024646572520622897
57.98999999999703,7.963828678880886,-0.00036008710617948093,-0.0029255697743996423,0.0024941959825938156
57.99999999999703,7.972922354800208,-0.00012243626153791442,-0.0027312614295966434,0.002580395585331745
58.00999999999703,7.962004786107572,-0.00025580625854839837,-0.0030337640980570442,0.0027620809876469673
58.019999999997026,7.967264654683369,0.0029994521682226638,-0.0025530206859872154,0.0027847049434939278
58.029999999997024,7.976470033714927,-0.001046176420106402,-0.0022726105061939878,0.0028569123006994845
58.03999999999702,7.965653015341838,-0.000561781541372345,-0.002555077165666154,0.0030213712524195776
58.04999999999702,7.970463811508678,-0.0005971409688114236,-0.002042653565993575,0.003026169483047134
58.05999999999702,7.9797904455238875,-0.00025348420556117464,-0.0017340145736148087,0.0030763770559593083
58.069999999997016,7.969044253431588,-7.845370338545501e-05,-0.0019873658859915805,0.003227814775793137
58.079999999997014,7.9732357323750955,-2.0610830858679875e-05,-0.0015040932514369353,0.0032360390132785835
58.08999999999701,7.982734337079415,-9.153521455768473e-05,-0.0011313646412322777,0.003266279717578421
58.09999999999701,7.9721625778076035,9.097729818939746e-05,-0.0013469845772502683,0.0034005740453216878
58.10999999999701,7.975534769452862,3.084410369536078e-05,-0.0009422416141878178,0.0034168999581330006
58.119999999997006,7.985252338119185,-3.537815447140565e-05,-0.0005044080348734432,0.0034286384295266715
58.129999999997004,7.974971720403412,0.00015536960355739678,-0.0006697563711190832,0.0035438542619276904
58.139999999997,7.977133169507438,3.541042877184606e-05,-0.0004052475348840224,0.003576103128299981
58.149999999997,7.987101840027457,-3.216089199707567e-05,0.00010606329840590713,0.0035698426671330313
58.159999999997,7.977325171865324,0.0001918616063960047,1.1079231491423165e-05,0.0036623836701825045
58.169999999996996,7.97973636014027,1.3196163802484193e-05,0.0001347565581531072,0.0037060821445055693
58.179999999996994,7.989650824569384,-4.505648613922073e-05,0.0006653300074386237,0.0036973395291714376
58.18999999999699,7.979839788167806,0.00021730812940674442,0.0006515931763318008,0.0037551106888421473
58.19999999999699,7.98170910702157,2.6629598980398798e-05,0.0005379658313014238,0.0038367913719026038
58.20999999999699,7.991731050587025,-5.226357804654739e-05,0.0011549551677961006,0.0038121478575199466
58.219999999996986,7.982118197411711,0.00022218930660422714,0.0012454827668132871,0.003694569216793342
58.229999999996984,7.978604314009542,0.00012588274013705303,0.0006966996582041653,0.003931254094419493
58.23999999999698,7.98931963559593,-6.120923201002403e-05,0.0014997262337314054,0.003944375645574825
58.24999999999698,7.982845735806625,0.00018222961815301796,0.002204078835808474,0.003671737052639277
58.25999999999698,7.9763387206262175,0.00015963756061270357,0.0007934106343458273,0.004036653013416587
58.269999999996976,7.987631643193654,-8.847775789524321e-05,0.001489006526388974,0.004091821715218257
58.279999999996974,7.995620992537178,-5.8867682869676594e-05,0.005113228272030702,0.003430909614520199
58.28999999999697,7.984530609991416,0.00021152792037284045,0.0006191499833170615,0.004179410757857552
58.29999999999697,7.991248189951334,-4.059447180216496e-05,0.0011443275032714893,0.0042571327505037514
58.30999999999697,8.000234389998482,-4.220784063839802e-05,0.0015224748281356042,0.004011873880340923
58.319999999996966,7.989200638728343,0.00021781670884030716,0.0049401613413501775,0.003729854652942711
58.329999999996964,7.983364477413098,0.00015210863370371057,0.0007651953215202757,0.004381656824478733
58.33999999999696,7.994588018637374,-6.544111436261581e-05,0.0013079328061779832,0.004115654023669487
58.34999999999696,7.999294893029609,7.12300088817706e-06,0.002247749188230764,0.003916642626055067
58.35999999999696,7.988549375437542,0.00018291048921616456,0.0016430168357626858,0.004189600056337344
58.369999999996956,7.996334194172321,-4.476769463991871e-05,0.002060329143212378,0.004219029951086302
58.379999999996954,8.00379087235658,-2.9277830368586758e-05,0.0063562723331961534,0.003594723860156653
58.38999999999695,7.9924728498962185,0.00017796675980659662,0.00121835770711424,0.0042375862152308295
58.39999999999695,7.98586276369271,0.0001225149212493891,0.0011725202207540236,0.0043482599224558376
58.40999999999695,7.997025362732493,-6.83881433811997e-05,0.002564731779532657,0.003998569758474937
58.419999999996946,7.99298382250258,8.021510706774888e-05,0.006259923919466472,0.003545955578158476
58.429999999996944,7.983492268252126,0.00011936722727588012,0.001054250116913038,0.004202646056238634
58.43999999999694,7.994214970382169,-8.058057851599961e-05,0.0017083455312653136,0.004000052875636234
58.44999999999694,8.001642996151402,-5.209971938559675e-05,0.006906199687318538,0.003442316794545642
58.45999999999694,7.990144091513087,0.00010600200642932983,0.0010468668202709475,0.0040866642256803904
58.469999999996936,7.984463972495906,4.304659060700993e-05,0.001205637374377799,0.003929374508548912
58.479999999996934,7.9955266207565066,-8.896354226508743e-05,0.006333017443673854,0.003424007661546806
58.48999999999693,7.989616467992201,4.5930435013644236e-05,0.0017848008473671565,0.0039129020387096754
58.49999999999693,7.980909594836115,3.886125007203633e-05,0.0011973266518822247,0.003792900178019531
58.50999999999693,7.991972801932764,-9.783352010966163e-05,0.00598735363572095,0.0033571647096284182
58.51999999999693,7.999189562028426,-6.0177855002437065e-05,0.0057747438921924915,0.003565449609306449
58.529999999996924,7.987581708002849,2.4324578966956886e-05,0.0003987368348272714,0.003679017228502355
58.53999999999692,7.981503693112477,-2.2280523866043105e-05,0.0007294087454979089,0.003474202342017916
58.54999999999692,7.9925565381105725,-8.927372454271667e-05,0.006256527571092056,0.003388216775659655
58.55999999999692,7.986438889591205,-2.8150006057977003e-05,0.0043842236677579,0.0033142179926814643
58.56999999999692,7.977536324165755,-3.9625414170440715e-05,0.0003282843860300386,0.0032862332651480185
58.579999999996915,7.988471932599583,-9.306782612582998e-05,0.0011205558177529316,0.003368176008771692
58.58999999999691,7.995144965168824,-8.69836870556721e-05,0.006572966837273737,0.003039717919252057
58.59999999999691,7.983574939815769,-6.795724905923519e-05,0.004629890458689174,0.00293526543220614
58.60999999999691,7.977079813679165,-7.77928072143045e-05,-0.0002594786151620444,0.003156971634003371
58.61999999999691,7.988040461135651,-9.996734147557889e-05,0.0014694891653911028,0.0029128611852762085
58.629999999996905,7.981331221928687,-0.00010397600195165181,0.00555733600097144,0.0026733574062640744
58.6399999999969,7.972499883963393,-0.00011784202347780359,0.0041043624986014556,0.0026320537697000685
58.6499999999969,7.983404914887807,-0.00010671414920559179,-4.057749986018927e-05,0.0025356977918037033
58.6599999999969,7.988985329511561,-0.00011447038549772821,0.005389705960848799,0.0023828202083323283
58.6699999999969,7.977558584212852,-0.00015213536287152506,0.0034731756924873333,0.0022880181449524474
58.679999999996895,7.971576791262211,-0.0001499406544957409,-0.0006185923119522996,0.0021841520418727414
58.68999999999689,7.982274232981198,-0.00010920398664457357,0.004561747952401797,0.0020887861439533627
58.69999999999689,7.974361426422833,-0.00017475658844289197,0.003898498463295866,0.0019740601039328646
58.70999999999689,7.96591614928425,-0.0001773884465430337,-0.0007078420306924134,0.0019741827750425988
58.71999999999689,7.976895537237522,-0.00010062144559180338,0.00398352054230185,0.0018786451342716907
58.729999999996885,7.972926286563275,-0.000177949768096313,0.004068310473725663,0.0017070716060101116
58.73999999999688,7.963033166728638,-0.000216676440235009,-0.0007770494675487677,0.0014573620929550146
58.74999999999688,7.97332261892046,-0.00010172318011789495,0.0037974432110091673,0.001472253192549684
58.75999999999688,7.977258305319511,-0.00014025380920430977,0.003932550980056539,0.0013467220174109794
58.76999999999688,7.9662745365270355,-0.00024683602038660447,0.0021837061360532864,0.0011716309853913834
58.779999999996875,7.969844624325854,-0.0001420130052182085,-0.0010694232496156763,0.0008823665586803362
58.78999999999687,7.978108522492613,-0.00010705735975931576,0.0039483311907412355,0.0009831601705127954
58.79999999999687,7.9669084857158605,-0.00027353066852134903,0.0031089222051846875,0.0008303269961422695
58.80999999999687,7.957819580197171,-0.00026281226696018173,-0.0011862183287102718,0.000469940975540092
58.81999999999687,7.968811040483107,-8.07381028965715e-05,0.0034445344007523046,0.00059857987115086
58.829999999996865,7.96122616746065,-0.0002657793035788306,0.003053922725659576,0.00045238324605832074
58.83999999999686,7.951980452707697,-0.0002840775766037145,0.00216237456192538,0.00029068778439398475
58.84999999999686,7.9627460565380614,-6.975574975339533e-05,-0.0013520282941329265,-0.00010845906386441643
58.85999999999686,7.9560420167342185,-0.0002676923494220464,0.0036500333953729046,0.00012125593202880485
58.86999999999686,7.946964586020557,-0.00029545828054758475,0.0033854050475147623,-9.418429310125776e-06
58.879999999996855,7.957794933943663,-5.471754293786171e-05,0.002102840669050135,-0.0002240395300860735
58.88999999999685,7.951486007729487,-0.0002706605853166264,0.0033878108796586946,-0.0002478523272212487
58.89999999999685,7.942368053898178,-0.0003059910541660499,0.0024378818252242624,-0.0004571020973619433
58.90999999999685,7.953178560808534,-4.090998671437079e-05,-0.0008607768933288502,-0.0008915219615139455
58.91999999999685,7.947055093174474,-0.00027457486802628424,0.004207407913377268,-0.0005397515312677295
58.929999999996845,7.937939394341895,-0.0003136473539347932,0.0040253323810976165,-0.0006702976912982819
58.93999999999684,7.948728742851811,-2.5383636329746407e-05,0.00341012504755018,-0.0008327661701329317
58.94999999999684,7.942482265569988,-0.0002802411143958072,0.003540834004289063,-0.0009436334654688629
58.95999999999684,7.933309402626911,-0.0003194294155692369,0.003011940314964998,-0.0011223391307335368
58.96999999999684,7.944036921162208,-1.1530078703104563e-05,-0.00046383909527492533,-0.001639445485794286
58.979999999996835,7.93763806066099,-0.0002852116053743086,0.004405924753931924,-0.0011972547510306218
58.98999999999683,7.928473638172768,-0.0003212140285899398,0.004290576478728173,-0.0013175745706325572
58.99999999999683,7.9391686480215204,5.493070317939334e-06,0.0038790650795275257,-0.001459065704230675
59.00999999999683,7.932505769240548,-0.000289275341442601,0.0035907004642128895,-0.0016132324423669777
59.01999999999683,7.923266691852436,-0.00032086028127088,0.0033036216470209985,-0.0017622845612807697
59.029999999996825,7.933882621926278,2.0970807409638552e-05,0.002253074756818311,-0.0020050575626219167
59.03999999999682,7.927007690157905,-0.0002907562053709045,0.003751973848284714,-0.0019115295452402645
59.04999999999682,7.917719020183857,-0.00031649250376298915,0.003118943232938859,-0.00210327353841512
59.05999999999682,7.92826914847795,3.8363833497624915e-05,0.0022487458652958713,-0.002324336284106561
59.06999999999682,7.92118190508329,-0.0002899760877318448,0.0034075292364058093,-0.002265260594207609
59.079999999996815,7.911844796985989,-0.0003081612094903959,0.002783951109967159,-0.002455214283972361
59.08999999999681,7.922335683437256,5.6766774376750445e-05,0.0022391861654534146,-0.002628113834194653
59.09999999999681,7.915060760999158,-0.00028656397715538844,0.002859990282877384,-0.002639443076653125
59.10999999999681,7.905678819472455,-0.00029552250579951235,0.002355600042784034,-0.002809532087512492
59.11999999999681,7.916119329661244,7.487271014276718e-05,0.0019476001504881554,-0.002959614477264751
59.129999999996805,7.908687677985527,-0.00028032969689159674,0.0022802179792167088,-0.003010151975399853
59.1399999999968,7.899272227582515,-0.00027787571437504953,0.001885766066666897,-0.003156443248652872
59.1499999999968,7.909675741985624,9.068280441295608e-05,0.001500490272209385,-0.003302628263998039
59.1599999999968,7.902118511970893,-0.0002707965039341489,0.0016694952598264082,-0.003375959233592056
59.1699999999968,7.892683385284547,-0.0002540690711064181,0.001346791771818735,-0.003489894335880116
59.179999999996795,7.903065157352669,0.0001006213165271278,0.0009777815045441014,-0.003650670291735905
59.18999999999679,7.895413239222259,-0.0002563282412241314,0.0010309520770943196,-0.0037337595678363956
59.19999999999679,7.885972029294285,-0.00022000692142787657,0.0007592340004873074,-0.003678237557961237
59.20999999999679,7.896346539621966,0.00010079330602921939,0.0004152828908749411,-0.003913740774936402
59.21999999999679,7.888627665640769,-0.00023233335122721687,0.0004000987734043039,-0.004076308484681277
59.229999999996785,7.879191009833119,-0.00018133880984445706,0.0001726692827137989,-0.003962881083168107
59.23999999999678,7.889570384681281,7.93892117937503e-05,-0.00013922889355697397,-0.004208361412633921
59.24999999999678,7.881807941297035,-0.00018556459891927712,-0.00018765111342718507,-0.0043962746354342394
59.25999999999678,7.8723834931193615,-0.00014307881157142084,-0.00037325703449253133,-0.004275966940864002
59.26999999999678,7.8827753314291815,2.9242324590390596e-05,-0.0006407738796055144,-0.00450946393631396
59.279999999996775,7.874988857804633,-7.642070157012094e-05,-0.000695257529103072,-0.0046951698755825725
59.28999999999677,7.865579875685209,-0.00016392016346927259,-0.0008411963618603726,-0.004562306560609318
59.29999999999677,7.875987142341071,-3.7265572695182337e-05,-0.001053684818961453,-0.004778572216185963
59.30999999999677,7.86819201592234,0.00041443824489135973,-0.0010956442557655027,-0.0049533736882330336
59.31999999999677,7.858795125267068,-0.0005874677968817646,-0.0012001716654133198,-0.004803672291657662
59.329999999996765,7.86921424850901,-0.00010363849629383704,-0.0013701890512452458,-0.004998585379430741
59.33999999999676,7.861423750756989,0.00337726313563448,-0.0014212315913521537,-0.005164288048167467
59.34999999999676,7.852013204545031,-0.0014261631868588052,-0.001545263314023321,-0.0050207466352712275
59.35999999999676,7.8623961529792545,-0.0008540732665495176,-0.0017811968587946054,-0.005209514206583877
59.36999999999676,7.854589317349861,-0.0004691898652408109,-0.0018564244002760807,-0.005362591202606158
59.379999999996755,7.845209740161464,-0.0003341397069733053,-0.0020240744324146512,-0.00520163246654255
59.38999999999675,7.855650055203929,-0.0006758906199663444,-0.0023047137800090694,-0.005382817436211749
59.39999999999675,7.847890903954758,0.003094807730527511,-0.0023952155301692297,-0.005537401468830733
59.40999999999675,7.838501080048005,-0.0018979003735447924,-0.0025638985057400226,-0.005382972661271001
59.41999999999675,7.848917374488657,-0.00110003317119315,-0.002869375627240738,-0.005371820181043485
59.429999999996745,7.841184519495709,0.002450969990481062,-0.0029417921843538433,-0.005571597249458054
59.43999999999674,7.831803112318938,-0.002257134007147231,-0.0030937338393784973,-0.005483583245470824
59.44999999999674,7.842234143437426,-0.00127950012831457,-0.0033841526409301337,-0.005416650665262814
59.45999999999674,7.83455512226593,0.002248022077690976,-0.0034231448694239555,-0.005619370388454887
59.46999999999674,7.825184524763104,-0.0022092376946280154,-0.003534988446008682,-0.005737322495830938
59.479999999996735,7.835630300167553,-0.001387025092386599,-0.0037924654282826906,-0.005574298629904291
59.48999999999673,7.828014693639003,0.002050854200168327,-0.003805728744913413,-0.005489572890564507
59.49999999999673,7.818648182455442,0.0006182898345286178,-0.0038877104713244534,-0.005698082475571908
59.50999999999673,7.829075781298142,-0.002737201504536873,-0.0040798415255515925,-0.005581056683592622
59.51999999999673,7.821487500635699,0.0012000095555354225,-0.004056292648461334,-0.005419253012392049
59.529999999996726,7.812098568438694,-0.0029607320282839206,-0.004093259030510322,-0.005618167214376479
59.53999999999672,7.822554939730018,-0.000675072121451643,-0.004258247889815913,-0.005509818575529497
59.54999999999672,7.815102516410226,0.0012840176175385294,-0.004193645791065661,-0.005326863926699066
59.55999999999672,7.805701001074528,0.0004890163503111279,-0.004212743492134731,-0.00551100725802206
59.56999999999672,7.816120999917356,-0.003257837447121595,-0.004312387624886683,-0.005381879939106779
59.579999999996716,7.808734632669582,0.0010254207170016338,-0.00422544372492516,-0.005181769601411559
59.589999999996714,7.799312924312576,0.0004281118884348724,-0.004220399974434136,-0.005348835241302141
59.59999999999671,7.8097264425784285,-0.0036826226656338375,-0.00428030924179712,-0.00519389463451838
59.60999999999671,7.802470028455344,0.0009407078082287071,-0.004172855389189612,-0.00498255121814044
59.61999999999671,7.793022311950602,0.0004915233773502258,-0.004149507786852774,-0.005134801958518731
59.629999999996706,7.8034285514345125,-0.0036951300332382264,-0.004175129020489254,-0.00495712341798422
59.639999999996704,7.796335959645101,0.0008475372296660579,-0.0040540303021001,-0.004735736361622489
59.6499999999967,7.786855484747591,0.0005395988006585146,-0.004018560016426083,-0.00487176298845994
59.6599999999967,7.797252990491416,-0.00019952472725873215,-0.004026245739208644,-0.004678868465429509
59.6699999999967,7.790332569002776,0.00034365592478723296,-0.003885146295478763,-0.004455522532367122
59.679999999996696,7.78075112059665,-0.0002696118143861677,-0.003840702430160931,-0.004569095577084142
59.689999999996694,7.791095289580903,-0.004321830179715688,-0.0038135397842914364,-0.004358730132182946
59.69999999999669,7.784464821560647,0.0005282174042592587,-0.0036896583762673434,-0.004122385694959476
59.70999999999669,7.774865223352925,0.0003710453104362996,-0.0036441916855483223,-0.004203861587342431
59.71999999999669,7.785218026050485,0.00039811942790346906,-0.0036049913372501897,-0.003999200795646054
59.729999999996686,7.778863900106134,-7.884790135229582e-05,-0.003469864003394882,-0.003772370618612164
59.739999999996684,7.7691551067478,-0.0002922365188733924,-0.003429782825655934,-0.003654889269637318
59.74999999999668,7.779456265594092,-0.00029879163358183133,-0.003361111714321353,-0.0035189043442501577
59.75999999999668,7.773529434447252,-0.0002558517263288197,-0.003242803140240618,-0.0033490725848797347
59.76999999999668,7.763714884805455,-0.0005376908110024522,-0.0031977103744177528,-0.0032199562151297074
59.779999999996676,7.773964637085294,-0.0003205271782320882,-0.00310165581698034,-0.0030845460684878643
59.789999999996674,7.768584983571636,-0.0004418078343131408,-0.0030069308705280295,-0.0029362209198639535
59.79999999999667,7.758661348810233,-0.0006194050131437109,-0.002954453628165493,-0.0028040541734807717
59.80999999999667,7.768842913062889,-0.00028207526621051903,-0.002825755405578668,-0.002659888067314505
59.81999999999667,7.764193597580348,-0.0005405254411814846,-0.002767403215550224,-0.0025211318583092486
59.829999999996666,7.754143116803327,-0.0006629460808197238,-0.002846749072943832,-0.0024053773261914295
59.839999999996664,7.764203501991373,-0.00024796548962554844,-0.003081010052917041,-0.0023108437634313576
59.84999999999666,7.760611963603707,-0.0005642451871278873,-0.0034763304319750635,-0.0022359028241922983
59.85999999999666,7.750389381614236,-0.0006879977746070774,-0.0037663035528692833,-0.0021394224117155867
59.86999999999666,7.760168139529475,-0.0002236420040384362,-0.003899406632197521,-0.002014254284588706
59.879999999996656,7.758614469766835,-0.0005172063359993058,-0.004307761970538226,-0.001926812414219387
59.889999999996654,7.74811069406401,-0.0006971899827346212,-0.004532027398704717,-0.001806125564108126
59.89999999999665,7.757100567932509,-0.0002124609706706642,-0.004561228480484807,-0.0016520291350992841
59.90999999999665,7.753550522630837,-0.0005695763908050874,-0.004898903713161294,-0.001539333987771856
59.91999999999665,7.743439139748224,-0.000676199249308183,-0.0051381371925033744,-0.0014068088784881302
59.929999999996646,7.753128825665895,-0.00017139059254148457,-0.00509184479242746,-0.0012303376081179518
59.939999999996644,7.750320330283109,-0.0005010802470213523,-0.005497891302523874,-0.0011119753618245905
59.94999999999664,7.739996777670445,-0.0006337439581753696,-0.005603905886526347,-0.000948985238175827
59.95999999999664,7.749499510637488,-0.00013529570897180939,-0.005455873906510975,-0.0007498310593633163
59.96999999999664,7.753777610736359,-0.0002645005660783954,-0.005978677491949644,-0.0006322669917261745
59.979999999996636,7.742383635657963,-0.0006009761630133545,-0.006021518212200861,-0.00045078821551220247
59.989999999996634,7.745910819412516,-0.00022117162806052138,-0.005543245342762589,-0.00020545397557509589
59.99999999999663,7.754001870412779,-0.00013428594306166028,-0.005961090387689969,-6.43126233781493e-05
